// This file is generated by the glTF importer tool. Do not edit manually.

use glam::Mat4;

pub struct MeshData {
    pub vertices: &'static [f32],
    pub indices: &'static [u16],
}

pub static MESHES: &[MeshData] = &[
    MeshData {
        vertices: &[
            -0.354755, 0.002958, 0.143132, 0.543970, 0.293619, 0.000000, 0.000000, 1.000000,
            -0.354755, 0.002958, 0.143132, 0.885102, 0.909142, 0.000000, -1.000000, 0.000000,
            -0.354755, 0.002958, 0.143132, 0.536664, 0.827257, -1.000000, 0.000000, 0.000000,
            -0.354755, 0.547216, 0.143132, 0.543970, 0.466361, 0.000000, 0.000000, 1.000000,
            -0.354755, 0.547216, 0.143132, 0.214360, 0.021936, 0.000000, 1.000000, 0.000000,
            -0.354755, 0.547216, 0.143132, 0.536664, 1.000000, -1.000000, 0.000000, 0.000000,
            -0.354755, 0.002958, -0.143132, 0.584684, 0.428078, 0.000000, 0.000000, -1.000000,
            -0.354755, 0.002958, -0.143132, 0.975959, 0.909142, 0.000000, -1.000000, 0.000000,
            -0.354755, 0.002958, -0.143132, 0.627522, 0.827257, -1.000000, 0.000000, 0.000000,
            -0.354755, 0.547216, -0.143132, 0.584684, 0.600820, 0.000000, 0.000000, -1.000000,
            -0.354755, 0.547216, -0.143132, 0.305218, 0.021936, 0.000000, 1.000000, 0.000000,
            -0.354755, 0.547216, -0.143132, 0.627522, 1.000000, -1.000000, 0.000000, 0.000000,
            -0.068490, 0.002958, 0.143132, 0.453112, 0.293619, 0.000000, 0.000000, 1.000000,
            -0.068490, 0.002958, 0.143132, 0.885102, 0.818284, 0.000000, -1.000000, 0.000000,
            -0.068490, 0.002958, 0.143132, 0.702379, 0.631716, 1.000000, 0.000000, 0.000000,
            -0.068490, 0.547216, 0.143132, 0.453112, 0.466361, 0.000000, 0.000000, 1.000000,
            -0.068490, 0.547216, 0.143132, 0.214360, 0.112793, 0.000000, 1.000000, 0.000000,
            -0.068490, 0.547216, 0.143132, 0.702379, 0.804459, 1.000000, 0.000000, 0.000000,
            -0.068490, 0.002958, -0.143132, 0.675541, 0.428078, 0.000000, 0.000000, -1.000000,
            -0.068490, 0.002958, -0.143132, 0.975959, 0.818284, 0.000000, -1.000000, 0.000000,
            -0.068490, 0.002958, -0.143132, 0.611521, 0.631716, 1.000000, 0.000000, 0.000000,
            -0.068490, 0.547216, -0.143132, 0.675541, 0.600820, 0.000000, 0.000000, -1.000000,
            -0.068490, 0.547216, -0.143132, 0.305218, 0.112793, 0.000000, 1.000000, 0.000000,
            -0.068490, 0.547216, -0.143132, 0.611521, 0.804459, 1.000000, 0.000000, 0.000000,
        ],
        indices: &[
            2,
            5,
            11,
            2,
            11,
            8,
            6,
            9,
            21,
            6,
            21,
            18,
            20,
            23,
            17,
            20,
            17,
            14,
            12,
            15,
            3,
            12,
            3,
            0,
            7,
            19,
            13,
            7,
            13,
            1,
            22,
            10,
            4,
            22,
            4,
            16,
        ],
    },
    MeshData {
        vertices: &[
            -0.354755, 0.552489, 0.143132, 0.766399, 0.255335, 0.000000, 0.000000, 1.000000,
            -0.354755, 0.552489, 0.143132, 0.453112, 0.139337, 0.000000, -1.000000, 0.000000,
            -0.354755, 0.552489, 0.143132, 0.000000, 0.244232, -1.000000, 0.000000, 0.000000,
            -0.354755, 1.096747, 0.143132, 0.766399, 0.428078, 0.000000, 0.000000, 1.000000,
            -0.354755, 1.096747, 0.143132, 0.885102, 0.909142, 0.000000, 1.000000, 0.000000,
            -0.354755, 1.096747, 0.143132, 0.000000, 0.416974, -1.000000, 0.000000, 0.000000,
            -0.354755, 0.552489, -0.143132, 0.090858, 0.244232, 0.000000, 0.000000, -1.000000,
            -0.354755, 0.552489, -0.143132, 0.543970, 0.139337, 0.000000, -1.000000, 0.000000,
            -0.354755, 0.552489, -0.143132, 0.090858, 0.244232, -1.000000, 0.000000, 0.000000,
            -0.354755, 1.096747, -0.143132, 0.090858, 0.416974, 0.000000, 0.000000, -1.000000,
            -0.354755, 1.096747, -0.143132, 0.975959, 0.909142, 0.000000, 1.000000, 0.000000,
            -0.354755, 1.096747, -0.143132, 0.090858, 0.416974, -1.000000, 0.000000, 0.000000,
            -0.068490, 0.552489, 0.143132, 0.675541, 0.255335, 0.000000, 0.000000, 1.000000,
            -0.068490, 0.552489, 0.143132, 0.453112, 0.048480, 0.000000, -1.000000, 0.000000,
            -0.068490, 0.552489, 0.143132, 0.766399, 0.428078, 1.000000, 0.000000, 0.000000,
            -0.068490, 1.096747, 0.143132, 0.675541, 0.428078, 0.000000, 0.000000, 1.000000,
            -0.068490, 1.096747, 0.143132, 0.885102, 1.000000, 0.000000, 1.000000, 0.000000,
            -0.068490, 1.096747, 0.143132, 0.766399, 0.600820, 1.000000, 0.000000, 0.000000,
            -0.068490, 0.552489, -0.143132, 0.181716, 0.244232, 0.000000, 0.000000, -1.000000,
            -0.068490, 0.552489, -0.143132, 0.543970, 0.048480, 0.000000, -1.000000, 0.000000,
            -0.068490, 0.552489, -0.143132, 0.675541, 0.428078, 1.000000, 0.000000, 0.000000,
            -0.068490, 1.096747, -0.143132, 0.181716, 0.416974, 0.000000, 0.000000, -1.000000,
            -0.068490, 1.096747, -0.143132, 0.975960, 1.000000, 0.000000, 1.000000, 0.000000,
            -0.068490, 1.096747, -0.143132, 0.675541, 0.600820, 1.000000, 0.000000, 0.000000,
        ],
        indices: &[
            2,
            5,
            11,
            2,
            11,
            8,
            6,
            9,
            21,
            6,
            21,
            18,
            20,
            23,
            17,
            20,
            17,
            14,
            12,
            15,
            3,
            12,
            3,
            0,
            7,
            19,
            13,
            7,
            13,
            1,
            22,
            10,
            4,
            22,
            4,
            16,
        ],
    },
    MeshData {
        vertices: &[
            -0.207271, 1.715766, 0.207271, 0.345932, 0.469249, 0.000000, 0.000000, 1.000000,
            -0.207271, 1.715766, 0.207271, 0.215924, 0.632175, -0.975788, -0.165498, 0.142998,
            -0.207271, 1.715766, 0.207271, 0.215924, 0.632175, -1.000000, 0.000000, 0.000000,
            -0.207271, 2.130307, 0.207271, 0.345932, 0.600820, 0.000000, 0.000000, 1.000000,
            -0.207271, 2.130307, 0.207271, -0.000000, 0.416974, 0.000000, 1.000000, 0.000000,
            -0.207271, 2.130307, 0.207271, 0.215134, 0.763288, -1.000000, 0.000000, 0.000000,
            -0.207271, 1.715766, -0.207271, 0.611522, 0.631716, 0.000000, 0.000000, -1.000000,
            -0.207271, 1.715766, -0.207271, 0.453112, 0.600820, 0.000000, -0.957363, -0.288889,
            -0.207271, 1.715766, -0.207271, 0.347155, 0.632175, -0.975788, -0.165498, 0.142998,
            -0.207271, 1.715766, -0.207271, 0.347155, 0.632175, -1.000000, 0.000000, 0.000000,
            -0.207271, 2.130307, -0.207271, 0.479950, 0.631716, 0.000000, 0.000000, -1.000000,
            -0.207271, 2.130307, -0.207271, 0.131572, 0.416974, 0.000000, 1.000000, 0.000000,
            -0.207271, 2.130307, -0.207271, 0.346365, 0.763288, -1.000000, 0.000000, 0.000000,
            0.207271, 1.715766, 0.207271, 0.214360, 0.469249, 0.000000, 0.000000, 1.000000,
            0.207271, 1.715766, 0.207271, 0.478386, 0.632175, 0.975788, -0.165498, 0.142998,
            0.207271, 1.715766, 0.207271, 0.478386, 0.632175, 1.000000, 0.000000, 0.000000,
            0.207271, 2.130307, 0.207271, 0.214360, 0.600820, 0.000000, 0.000000, 1.000000,
            0.207271, 2.130307, 0.207271, 0.000000, 0.548546, 0.000000, 1.000000, 0.000000,
            0.207271, 2.130307, 0.207271, 0.479176, 0.763288, 1.000000, 0.000000, 0.000000,
            0.207271, 1.715766, -0.207271, 0.611522, 0.763288, 0.000000, 0.000000, -1.000000,
            0.207271, 1.715766, -0.207271, 0.584683, 0.600820, 0.000000, -0.957363, -0.288889,
            0.207271, 1.715766, -0.207271, 0.347155, 0.632175, 0.975788, -0.165498, 0.142998,
            0.207271, 1.715766, -0.207271, 0.347155, 0.632175, 1.000000, 0.000000, 0.000000,
            0.207271, 2.130307, -0.207271, 0.479950, 0.763288, 0.000000, 0.000000, -1.000000,
            0.207271, 2.130307, -0.207271, 0.131572, 0.548546, 0.000000, 1.000000, 0.000000,
            0.207271, 2.130307, -0.207271, 0.347945, 0.763288, 1.000000, 0.000000, 0.000000,
            -0.207271, 1.623037, 0.100000, 0.453112, 0.500043, 0.000000, -0.957363, -0.288889,
            -0.207271, 1.623037, 0.100000, 0.453112, 0.500043, 0.000000, -1.000000, 0.000000,
            -0.207271, 1.623037, 0.100000, 0.250060, 0.602847, -0.975788, -0.165498, 0.142998,
            -0.130774, 1.623037, 0.207271, 0.321652, 0.439817, 0.000000, 0.000000, 1.000000,
            -0.130774, 1.623037, 0.207271, 0.477391, 0.466361, 0.000000, -1.000000, 0.000000,
            -0.130774, 1.623037, 0.207271, 0.214360, 0.600820, -0.975788, -0.165498, 0.142998,
            0.207271, 1.623037, 0.100000, 0.584683, 0.500043, 0.000000, -0.957363, -0.288889,
            0.207271, 1.623037, 0.100000, 0.584683, 0.500043, 0.000000, -1.000000, 0.000000,
            0.207271, 1.623037, 0.100000, 0.444250, 0.602847, 0.975788, -0.165498, 0.142998,
            0.130774, 1.623037, 0.207271, 0.238640, 0.439817, 0.000000, 0.000000, 1.000000,
            0.130774, 1.623037, 0.207271, 0.560404, 0.466361, 0.000000, -1.000000, 0.000000,
            0.130774, 1.623037, 0.207271, 0.479950, 0.600820, 0.975788, -0.165498, 0.142998,
        ],
        indices: &[
            2,
            5,
            12,
            2,
            12,
            9,
            6,
            10,
            23,
            6,
            23,
            19,
            22,
            25,
            18,
            22,
            18,
            15,
            13,
            16,
            3,
            13,
            3,
            0,
            21,
            14,
            34,
            14,
            37,
            34,
            24,
            11,
            4,
            24,
            4,
            17,
            27,
            33,
            36,
            27,
            36,
            30,
            13,
            0,
            29,
            13,
            29,
            35,
            7,
            20,
            32,
            7,
            32,
            26,
            1,
            8,
            28,
            1,
            28,
            31,
        ],
    },
    MeshData {
        vertices: &[
            -1.265015, 1.373846, 0.166571, 0.071372, 0.244232, 0.000000, 0.000000, 1.000000,
            -1.265015, 1.373846, 0.166571, 0.857257, 0.600820, 0.000000, -1.000000, 0.000000,
            -1.265015, 1.373846, 0.166571, 0.928628, 0.529449, -1.000000, 0.000000, 0.000000,
            -1.265015, 1.598716, 0.166571, -0.000000, 0.244232, 0.000000, 0.000000, 1.000000,
            -1.265015, 1.598716, 0.166571, 0.857257, 0.310531, 0.000000, 1.000000, 0.000000,
            -1.265015, 1.598716, 0.166571, 0.928628, 0.600820, -1.000000, 0.000000, 0.000000,
            -1.265015, 1.373846, -0.058299, 0.883647, 0.110190, 0.000000, 0.000000, -1.000000,
            -1.265015, 1.373846, -0.058299, 0.928628, 0.600820, 0.000000, -1.000000, 0.000000,
            -1.265015, 1.373846, -0.058299, 1.000000, 0.529449, -1.000000, 0.000000, 0.000000,
            -1.265015, 1.598716, -0.058299, 0.812276, 0.110190, 0.000000, 0.000000, -1.000000,
            -1.265015, 1.598716, -0.058299, 0.928628, 0.310531, 0.000000, 1.000000, 0.000000,
            -1.265015, 1.598716, -0.058299, 1.000000, 0.600820, -1.000000, 0.000000, 0.000000,
            -0.807709, 1.373846, 0.166571, 0.071372, 0.099087, 0.000000, 0.000000, 1.000000,
            -0.807709, 1.373846, 0.166571, 0.857257, 0.455675, 0.000000, -1.000000, 0.000000,
            -0.807709, 1.373846, 0.166571, 1.000000, 0.458077, 1.000000, 0.000000, 0.000000,
            -0.807709, 1.598716, 0.166571, -0.000000, 0.099087, 0.000000, 0.000000, 1.000000,
            -0.807709, 1.598716, 0.166571, 0.857257, 0.455675, 0.000000, 1.000000, 0.000000,
            -0.807709, 1.598716, 0.166571, 1.000000, 0.529449, 1.000000, 0.000000, 0.000000,
            -0.807709, 1.373846, -0.058299, 0.883647, 0.255335, 0.000000, 0.000000, -1.000000,
            -0.807709, 1.373846, -0.058299, 0.928628, 0.455675, 0.000000, -1.000000, 0.000000,
            -0.807709, 1.373846, -0.058299, 0.928628, 0.458077, 1.000000, 0.000000, 0.000000,
            -0.807709, 1.598716, -0.058299, 0.812276, 0.255335, 0.000000, 0.000000, -1.000000,
            -0.807709, 1.598716, -0.058299, 0.928628, 0.455675, 0.000000, 1.000000, 0.000000,
            -0.807709, 1.598716, -0.058299, 0.928628, 0.529449, 1.000000, 0.000000, 0.000000,
        ],
        indices: &[
            2,
            5,
            11,
            2,
            11,
            8,
            6,
            9,
            21,
            6,
            21,
            18,
            20,
            23,
            17,
            20,
            17,
            14,
            12,
            15,
            3,
            12,
            3,
            0,
            7,
            19,
            13,
            7,
            13,
            1,
            22,
            10,
            4,
            22,
            4,
            16,
        ],
    },
    MeshData {
        vertices: &[
            -0.809511, 1.366769, 0.173648, 0.528976, 0.293619, 0.000000, 0.000000, 1.000000,
            -0.809511, 1.366769, 0.173648, 0.660548, 0.255335, 0.000000, -1.000000, 0.000000,
            -0.809511, 1.366769, 0.173648, 0.207436, 0.472682, -1.000000, 0.000000, 0.000000,
            -0.809511, 1.605793, 0.173648, 0.453112, 0.293619, 0.000000, 0.000000, 1.000000,
            -0.809511, 1.605793, 0.173648, 0.345932, 0.105013, 0.000000, 1.000000, 0.000000,
            -0.809511, 1.605793, 0.173648, 0.131572, 0.472682, -1.000000, 0.000000, 0.000000,
            -0.809511, 1.366769, -0.065376, 0.885102, 0.845719, 0.000000, 0.000000, -1.000000,
            -0.809511, 1.366769, -0.065376, 0.736412, 0.255335, 0.000000, -1.000000, 0.000000,
            -0.809511, 1.366769, -0.065376, 0.207436, 0.548546, -1.000000, 0.000000, 0.000000,
            -0.809511, 1.605793, -0.065376, 0.809238, 0.845719, 0.000000, 0.000000, -1.000000,
            -0.809511, 1.605793, -0.065376, 0.421796, 0.105013, 0.000000, 1.000000, 0.000000,
            -0.809511, 1.605793, -0.065376, 0.131572, 0.548546, -1.000000, 0.000000, 0.000000,
            -0.323419, 1.366769, 0.173648, 0.528976, 0.139338, 0.000000, 0.000000, 1.000000,
            -0.323419, 1.366769, 0.173648, 0.660547, 0.101054, 0.000000, -1.000000, 0.000000,
            -0.323419, 1.366769, 0.173648, 0.075864, 0.099087, 1.000000, 0.000000, 0.000000,
            -0.323419, 1.605793, 0.173648, 0.453112, 0.139338, 0.000000, 0.000000, 1.000000,
            -0.323419, 1.605793, 0.173648, 0.345932, 0.259294, 0.000000, 1.000000, 0.000000,
            -0.323419, 1.605793, 0.173648, 0.000000, 0.099087, 1.000000, 0.000000, 0.000000,
            -0.323419, 1.366769, -0.065376, 0.885102, 1.000000, 0.000000, 0.000000, -1.000000,
            -0.323419, 1.366769, -0.065376, 0.736412, 0.101054, 0.000000, -1.000000, 0.000000,
            -0.323419, 1.366769, -0.065376, 0.075864, 0.023223, 1.000000, 0.000000, 0.000000,
            -0.323419, 1.605793, -0.065376, 0.809238, 1.000000, 0.000000, 0.000000, -1.000000,
            -0.323419, 1.605793, -0.065376, 0.421796, 0.259294, 0.000000, 1.000000, 0.000000,
            -0.323419, 1.605793, -0.065376, 0.000000, 0.023223, 1.000000, 0.000000, 0.000000,
        ],
        indices: &[
            2,
            5,
            11,
            2,
            11,
            8,
            6,
            9,
            21,
            6,
            21,
            18,
            20,
            23,
            17,
            20,
            17,
            14,
            12,
            15,
            3,
            12,
            3,
            0,
            7,
            19,
            13,
            7,
            13,
            1,
            22,
            10,
            4,
            22,
            4,
            16,
        ],
    },
    MeshData {
        vertices: &[
            0.354755, 0.002958, 0.143132, 0.214360, 0.267074, 0.000000, 0.000000, 1.000000,
            0.354755, 0.002958, 0.143132, 0.584683, 0.010196, 0.000000, -1.000000, 0.000000,
            0.354755, 0.002958, 0.143132, 0.718380, 0.827257, 1.000000, 0.000000, 0.000000,
            0.354755, 0.002958, -0.143132, 0.675541, 0.255335, 0.000000, 0.000000, -1.000000,
            0.354755, 0.002958, -0.143132, 0.675541, 0.010196, 0.000000, -1.000000, 0.000000,
            0.354755, 0.002958, -0.143132, 0.627522, 0.827257, 1.000000, 0.000000, 0.000000,
            0.354755, 0.547216, 0.143132, 0.214360, 0.439817, 0.000000, 0.000000, 1.000000,
            0.354755, 0.547216, 0.143132, 0.675541, 0.101054, 0.000000, 1.000000, 0.000000,
            0.354755, 0.547216, 0.143132, 0.718380, 1.000000, 1.000000, 0.000000, 0.000000,
            0.068490, 0.002958, 0.143132, 0.305218, 0.267074, 0.000000, 0.000000, 1.000000,
            0.068490, 0.002958, 0.143132, 0.584683, 0.101054, 0.000000, -1.000000, 0.000000,
            0.068490, 0.002958, 0.143132, 0.345932, 0.259294, -1.000000, 0.000000, 0.000000,
            0.068490, 0.002958, -0.143132, 0.584683, 0.255335, 0.000000, 0.000000, -1.000000,
            0.068490, 0.002958, -0.143132, 0.675541, 0.101054, 0.000000, -1.000000, 0.000000,
            0.068490, 0.002958, -0.143132, 0.436790, 0.259294, -1.000000, 0.000000, 0.000000,
            0.068490, 0.547216, 0.143132, 0.305218, 0.439817, 0.000000, 0.000000, 1.000000,
            0.068490, 0.547216, 0.143132, 0.675541, 0.010196, 0.000000, 1.000000, 0.000000,
            0.068490, 0.547216, 0.143132, 0.345932, 0.432036, -1.000000, 0.000000, 0.000000,
            0.068490, 0.547216, -0.143132, 0.584683, 0.428078, 0.000000, 0.000000, -1.000000,
            0.068490, 0.547216, -0.143132, 0.766399, 0.010196, 0.000000, 1.000000, 0.000000,
            0.068490, 0.547216, -0.143132, 0.436790, 0.432036, -1.000000, 0.000000, 0.000000,
            0.354755, 0.547216, -0.143132, 0.675541, 0.428078, 0.000000, 0.000000, -1.000000,
            0.354755, 0.547216, -0.143132, 0.766399, 0.101054, 0.000000, 1.000000, 0.000000,
            0.354755, 0.547216, -0.143132, 0.627522, 1.000000, 1.000000, 0.000000, 0.000000,
        ],
        indices: &[
            4,
            1,
            10,
            4,
            10,
            13,
            2,
            5,
            23,
            2,
            23,
            8,
            9,
            0,
            6,
            9,
            6,
            15,
            14,
            11,
            17,
            14,
            17,
            20,
            19,
            16,
            7,
            19,
            7,
            22,
            3,
            12,
            18,
            3,
            18,
            21,
        ],
    },
    MeshData {
        vertices: &[
            0.354755, 0.552489, 0.143132, 0.718380, 0.827257, 0.000000, 0.000000, 1.000000,
            0.354755, 0.552489, 0.143132, 0.812276, 0.019332, 0.000000, -1.000000, 0.000000,
            0.354755, 0.552489, 0.143132, 0.793237, 0.631716, 1.000000, 0.000000, 0.000000,
            0.354755, 0.552489, -0.143132, 0.857257, 0.255335, 0.000000, 0.000000, -1.000000,
            0.354755, 0.552489, -0.143132, 0.903133, 0.019332, 0.000000, -1.000000, 0.000000,
            0.354755, 0.552489, -0.143132, 0.702379, 0.631716, 1.000000, 0.000000, 0.000000,
            0.354755, 1.096747, 0.143132, 0.718380, 1.000000, 0.000000, 0.000000, 1.000000,
            0.354755, 1.096747, 0.143132, 0.345932, 0.105013, 0.000000, 1.000000, 0.000000,
            0.354755, 1.096747, 0.143132, 0.793237, 0.804459, 1.000000, 0.000000, 0.000000,
            0.068490, 0.552489, 0.143132, 0.809238, 0.827257, 0.000000, 0.000000, 1.000000,
            0.068490, 0.552489, 0.143132, 0.812276, 0.110190, 0.000000, -1.000000, 0.000000,
            0.068490, 0.552489, 0.143132, 0.766399, 0.428078, -1.000000, 0.000000, 0.000000,
            0.068490, 0.552489, -0.143132, 0.766399, 0.255335, 0.000000, 0.000000, -1.000000,
            0.068490, 0.552489, -0.143132, 0.903133, 0.110190, 0.000000, -1.000000, 0.000000,
            0.068490, 0.552489, -0.143132, 0.857257, 0.428078, -1.000000, 0.000000, 0.000000,
            0.068490, 1.096747, 0.143132, 0.809238, 1.000000, 0.000000, 0.000000, 1.000000,
            0.068490, 1.096747, 0.143132, 0.345932, 0.014155, 0.000000, 1.000000, 0.000000,
            0.068490, 1.096747, 0.143132, 0.766399, 0.600820, -1.000000, 0.000000, 0.000000,
            0.068490, 1.096747, -0.143132, 0.766399, 0.428078, 0.000000, 0.000000, -1.000000,
            0.068490, 1.096747, -0.143132, 0.436790, 0.014155, 0.000000, 1.000000, 0.000000,
            0.068490, 1.096747, -0.143132, 0.857257, 0.600820, -1.000000, 0.000000, 0.000000,
            0.354755, 1.096747, -0.143132, 0.857257, 0.428078, 0.000000, 0.000000, -1.000000,
            0.354755, 1.096747, -0.143132, 0.436790, 0.105013, 0.000000, 1.000000, 0.000000,
            0.354755, 1.096747, -0.143132, 0.702379, 0.804459, 1.000000, 0.000000, 0.000000,
        ],
        indices: &[
            4,
            1,
            10,
            4,
            10,
            13,
            2,
            5,
            23,
            2,
            23,
            8,
            9,
            0,
            6,
            9,
            6,
            15,
            14,
            11,
            17,
            14,
            17,
            20,
            19,
            16,
            7,
            19,
            7,
            22,
            3,
            12,
            18,
            3,
            18,
            21,
        ],
    },
    MeshData {
        vertices: &[
            1.265015, 1.373846, 0.166571, 0.142743, 0.099087, 0.000000, 0.000000, 1.000000,
            1.265015, 1.373846, 0.166571, 0.869101, 0.659314, 0.000000, -1.000000, 0.000000,
            1.265015, 1.373846, 0.166571, 1.000000, 0.384304, 1.000000, 0.000000, 0.000000,
            1.265015, 1.373846, -0.058299, 0.214115, 0.244232, 0.000000, 0.000000, -1.000000,
            1.265015, 1.373846, -0.058299, 0.940473, 0.659314, 0.000000, -1.000000, 0.000000,
            1.265015, 1.373846, -0.058299, 0.928628, 0.384304, 1.000000, 0.000000, 0.000000,
            1.265015, 1.598716, 0.166571, 0.071372, 0.099087, 0.000000, 0.000000, 1.000000,
            1.265015, 1.598716, 0.166571, 0.883647, 0.255335, 0.000000, 1.000000, 0.000000,
            1.265015, 1.598716, 0.166571, 1.000000, 0.455675, 1.000000, 0.000000, 0.000000,
            0.807709, 1.373846, 0.166571, 0.142743, 0.244231, 0.000000, 0.000000, 1.000000,
            0.807709, 1.373846, 0.166571, 0.869101, 0.804459, 0.000000, -1.000000, 0.000000,
            0.807709, 1.373846, 0.166571, 0.928628, 0.312932, -1.000000, 0.000000, 0.000000,
            0.807709, 1.373846, -0.058299, 0.214115, 0.099087, 0.000000, 0.000000, -1.000000,
            0.807709, 1.373846, -0.058299, 0.940473, 0.804459, 0.000000, -1.000000, 0.000000,
            0.807709, 1.373846, -0.058299, 1.000000, 0.312932, -1.000000, 0.000000, 0.000000,
            0.807709, 1.598716, 0.166571, 0.071372, 0.244231, 0.000000, 0.000000, 1.000000,
            0.807709, 1.598716, 0.166571, 0.883647, 0.110190, 0.000000, 1.000000, 0.000000,
            0.807709, 1.598716, 0.166571, 0.928628, 0.384304, -1.000000, 0.000000, 0.000000,
            0.807709, 1.598716, -0.058299, 0.142743, 0.099087, 0.000000, 0.000000, -1.000000,
            0.807709, 1.598716, -0.058299, 0.955019, 0.110190, 0.000000, 1.000000, 0.000000,
            0.807709, 1.598716, -0.058299, 1.000000, 0.384304, -1.000000, 0.000000, 0.000000,
            1.265015, 1.598716, -0.058299, 0.142743, 0.244232, 0.000000, 0.000000, -1.000000,
            1.265015, 1.598716, -0.058299, 0.955019, 0.255335, 0.000000, 1.000000, 0.000000,
            1.265015, 1.598716, -0.058299, 0.928628, 0.455675, 1.000000, 0.000000, 0.000000,
        ],
        indices: &[
            4,
            1,
            10,
            4,
            10,
            13,
            2,
            5,
            23,
            2,
            23,
            8,
            9,
            0,
            6,
            9,
            6,
            15,
            14,
            11,
            17,
            14,
            17,
            20,
            19,
            16,
            7,
            19,
            7,
            22,
            3,
            12,
            18,
            3,
            18,
            21,
        ],
    },
    MeshData {
        vertices: &[
            0.809511, 1.366769, 0.173648, 0.290224, 0.112793, 0.000000, 0.000000, 1.000000,
            0.809511, 1.366769, 0.173648, 0.584683, 0.101054, 0.000000, -1.000000, 0.000000,
            0.809511, 1.366769, 0.173648, 0.151728, 0.099087, 1.000000, 0.000000, 0.000000,
            0.809511, 1.366769, -0.065376, 0.869101, 0.804459, 0.000000, 0.000000, -1.000000,
            0.809511, 1.366769, -0.065376, 0.660548, 0.101054, 0.000000, -1.000000, 0.000000,
            0.809511, 1.366769, -0.065376, 0.151728, 0.023223, 1.000000, 0.000000, 0.000000,
            0.809511, 1.605793, 0.173648, 0.214360, 0.112793, 0.000000, 0.000000, 1.000000,
            0.809511, 1.605793, 0.173648, 0.736412, 0.255335, 0.000000, 1.000000, 0.000000,
            0.809511, 1.605793, 0.173648, 0.075864, 0.099087, 1.000000, 0.000000, 0.000000,
            0.323419, 1.366769, 0.173648, 0.290224, 0.267074, 0.000000, 0.000000, 1.000000,
            0.323419, 1.366769, 0.173648, 0.584684, 0.255335, 0.000000, -1.000000, 0.000000,
            0.323419, 1.366769, 0.173648, 0.978997, 0.034326, -1.000000, 0.000000, 0.000000,
            0.323419, 1.366769, -0.065376, 0.869101, 0.650178, 0.000000, 0.000000, -1.000000,
            0.323419, 1.366769, -0.065376, 0.660548, 0.255335, 0.000000, -1.000000, 0.000000,
            0.323419, 1.366769, -0.065376, 0.978997, 0.110190, -1.000000, 0.000000, 0.000000,
            0.323419, 1.605793, 0.173648, 0.214360, 0.267074, 0.000000, 0.000000, 1.000000,
            0.323419, 1.605793, 0.173648, 0.736412, 0.101054, 0.000000, 1.000000, 0.000000,
            0.323419, 1.605793, 0.173648, 0.903133, 0.034326, -1.000000, 0.000000, 0.000000,
            0.323419, 1.605793, -0.065376, 0.793237, 0.650178, 0.000000, 0.000000, -1.000000,
            0.323419, 1.605793, -0.065376, 0.812276, 0.101054, 0.000000, 1.000000, 0.000000,
            0.323419, 1.605793, -0.065376, 0.903133, 0.110190, -1.000000, 0.000000, 0.000000,
            0.809511, 1.605793, -0.065376, 0.793237, 0.804459, 0.000000, 0.000000, -1.000000,
            0.809511, 1.605793, -0.065376, 0.812276, 0.255335, 0.000000, 1.000000, 0.000000,
            0.809511, 1.605793, -0.065376, 0.075864, 0.023223, 1.000000, 0.000000, 0.000000,
        ],
        indices: &[
            4,
            1,
            10,
            4,
            10,
            13,
            2,
            5,
            23,
            2,
            23,
            8,
            9,
            0,
            6,
            9,
            6,
            15,
            14,
            11,
            17,
            14,
            17,
            20,
            19,
            16,
            7,
            19,
            7,
            22,
            3,
            12,
            18,
            3,
            18,
            21,
        ],
    },
    MeshData {
        vertices: &[
            -0.338293, 1.091251, 0.199312, 0.429484, 0.831216, 0.000000, 0.000000, 1.000000,
            -0.338293, 1.091251, 0.199312, 0.107180, 0.763288, -0.671398, -0.741097, 0.000000,
            -0.338293, 1.091251, 0.199312, 0.429484, 0.831216, -1.000000, 0.000000, 0.000000,
            -0.338293, 1.623037, 0.199312, 0.429484, 1.000000, 0.000000, 0.000000, 1.000000,
            -0.338293, 1.623037, 0.199312, -0.000000, 0.548546, 0.000000, 1.000000, 0.000000,
            -0.338293, 1.623037, 0.199312, 0.429484, 1.000000, -1.000000, 0.000000, 0.000000,
            -0.338293, 1.091251, -0.138379, 0.000000, 0.831216, 0.000000, 0.000000, -1.000000,
            -0.338293, 1.091251, -0.138379, 0.214360, 0.763288, -0.671398, -0.741097, 0.000000,
            -0.338293, 1.091251, -0.138379, 0.536664, 0.831216, -1.000000, 0.000000, 0.000000,
            -0.338293, 1.623037, -0.138379, 0.000000, 1.000000, 0.000000, 0.000000, -1.000000,
            -0.338293, 1.623037, -0.138379, 0.107180, 0.548546, 0.000000, 1.000000, 0.000000,
            -0.338293, 1.623037, -0.138379, 0.536664, 1.000000, -1.000000, 0.000000, 0.000000,
            0.338293, 1.091251, 0.199312, 0.214742, 0.831216, 0.000000, 0.000000, 1.000000,
            0.338293, 1.091251, 0.199312, 0.107180, 0.548546, 0.671398, -0.741097, 0.000000,
            0.338293, 1.091251, 0.199312, 0.453112, 0.432036, 1.000000, 0.000000, 0.000000,
            0.338293, 1.623037, 0.199312, 0.214742, 1.000000, 0.000000, 0.000000, 1.000000,
            0.338293, 1.623037, 0.199312, 0.000000, 0.763288, 0.000000, 1.000000, 0.000000,
            0.338293, 1.623037, 0.199312, 0.453112, 0.600820, 1.000000, 0.000000, 0.000000,
            0.338293, 1.091251, -0.138379, 0.214742, 0.831216, 0.000000, 0.000000, -1.000000,
            0.338293, 1.091251, -0.138379, 0.214360, 0.548546, 0.671398, -0.741097, 0.000000,
            0.338293, 1.091251, -0.138379, 0.345932, 0.432036, 1.000000, 0.000000, 0.000000,
            0.338293, 1.623037, -0.138379, 0.214742, 1.000000, 0.000000, 0.000000, -1.000000,
            0.338293, 1.623037, -0.138379, 0.107180, 0.763288, 0.000000, 1.000000, 0.000000,
            0.338293, 1.623037, -0.138379, 0.345932, 0.600820, 1.000000, 0.000000, 0.000000,
            -0.102080, 0.877231, -0.138379, 0.074972, 0.763288, 0.000000, 0.000000, -1.000000,
            -0.102080, 0.877231, -0.138379, 0.214360, 0.688316, 0.000000, -1.000000, 0.000000,
            -0.102080, 0.877231, -0.138379, 0.214360, 0.688316, -0.671398, -0.741097, 0.000000,
            -0.102080, 0.877231, 0.199312, 0.354513, 0.763288, 0.000000, 0.000000, 1.000000,
            -0.102080, 0.877231, 0.199312, 0.107180, 0.688316, 0.000000, -1.000000, 0.000000,
            -0.102080, 0.877231, 0.199312, 0.107180, 0.688316, -0.671398, -0.741097, 0.000000,
            0.102080, 0.877231, -0.138379, 0.139770, 0.763288, 0.000000, 0.000000, -1.000000,
            0.102080, 0.877231, -0.138379, 0.214360, 0.623518, 0.000000, -1.000000, 0.000000,
            0.102080, 0.877231, -0.138379, 0.214360, 0.623518, 0.671398, -0.741097, 0.000000,
            0.102080, 0.877231, 0.199312, 0.289714, 0.763288, 0.000000, 0.000000, 1.000000,
            0.102080, 0.877231, 0.199312, 0.107180, 0.623518, 0.000000, -1.000000, 0.000000,
            0.102080, 0.877231, 0.199312, 0.107180, 0.623518, 0.671398, -0.741097, 0.000000,
        ],
        indices: &[
            2,
            5,
            11,
            2,
            11,
            8,
            6,
            9,
            21,
            6,
            21,
            18,
            20,
            23,
            17,
            20,
            17,
            14,
            12,
            15,
            3,
            12,
            3,
            0,
            6,
            18,
            30,
            6,
            30,
            24,
            22,
            10,
            4,
            22,
            4,
            16,
            25,
            31,
            34,
            25,
            34,
            28,
            1,
            7,
            26,
            1,
            26,
            29,
            19,
            13,
            35,
            19,
            35,
            32,
            12,
            0,
            27,
            12,
            27,
            33,
        ],
    },
];

pub static GLOBAL_TRANSFORMS: &[Mat4] = &[
    Mat4::from_cols_array(&[1.000000, -0.000000, 0.000000, 0.000000, -0.000000, 0.935024, 0.354585, 0.000000, -0.000000, -0.354584, 0.935024, 0.000000, 0.444298, 0.948584, 0.167308, 1.000000]),
    Mat4::from_cols_array(&[1.000000, 0.000000, 0.000000, 0.000000, -0.000000, 0.935024, 0.354585, 0.000000, -0.000000, -0.354584, 0.935024, 0.000000, 0.444298, 1.984797, 0.167307, 1.000000]),
    Mat4::from_cols_array(&[1.000000, 0.000000, -0.000000, 0.000000, -0.000000, 0.872269, -0.489026, 0.000000, 0.000000, 0.489026, 0.872269, 0.000000, -0.000000, -0.156955, -0.272533, 1.000000]),
    Mat4::from_cols_array(&[-0.983622, -0.000000, -0.180244, 0.000000, -0.032488, -0.983622, 0.177293, 0.000000, -0.177292, 0.180245, 0.967512, 0.000000, 0.530058, -2.134670, 0.034121, 1.000000]),
    Mat4::from_cols_array(&[-0.983622, -0.000000, -0.180244, 0.000000, -0.032488, -0.983622, 0.177293, 0.000000, -0.177292, 0.180245, 0.967512, 0.000000, 0.996900, -1.667828, 0.034122, 1.000000]),
    Mat4::from_cols_array(&[1.000000, -0.000000, 0.000000, 0.000000, -0.000000, 0.935024, 0.354585, 0.000000, -0.000000, -0.354584, 0.935024, 0.000000, -0.444299, 0.948584, 0.167308, 1.000000]),
    Mat4::from_cols_array(&[1.000000, -0.000000, 0.000000, 0.000000, 0.000000, 0.935024, 0.354585, 0.000000, -0.000000, -0.354584, 0.935024, 0.000000, -0.444298, 1.984797, 0.167307, 1.000000]),
    Mat4::from_cols_array(&[-0.983622, -0.000000, 0.180244, 0.000000, 0.032488, -0.983622, 0.177292, 0.000000, 0.177292, 0.180244, 0.967512, 0.000000, -0.530058, -2.134669, 0.034121, 1.000000]),
    Mat4::from_cols_array(&[-0.983622, -0.000000, 0.180245, 0.000000, 0.032488, -0.983622, 0.177293, 0.000000, 0.177293, 0.180245, 0.967512, 0.000000, -0.996900, -1.667828, 0.034121, 1.000000]),
    Mat4::from_cols_array(&[1.000000, -0.000000, -0.000000, 0.000000, 0.000000, 0.935024, 0.354586, 0.000000, -0.000000, -0.354586, 0.935024, 0.000000, 0.000000, -0.000000, 0.000000, 1.000000]),
];

pub static ANIMATIONS: &[(&str, &[&[Mat4]])] = &[
    ("5a", &[
        &[
            Mat4::from_cols_array(&[1.000000, 0.000000, -0.000000, 0.000000, -0.000000, 0.809367, -0.587304, 0.000000, -0.000000, 0.587304, 0.809367, 0.000000, 0.000000, 0.518107, 0.000000, 1.000000]),
            Mat4::from_cols_array(&[-1.000000, 0.000000, 0.000000, 0.000000, -0.000000, -0.805089, 0.593153, 0.000000, 0.000000, 0.593152, 0.805088, 0.000000, 0.222149, 0.070596, 0.012936, 1.000000]),
            Mat4::from_cols_array(&[0.999938, 0.004521, 0.010181, 0.000000, -0.007370, 0.953827, 0.300265, 0.000000, -0.008353, -0.300321, 0.953802, 0.000000, 0.000000, 0.663646, 0.000000, 1.000000]),
            Mat4::from_cols_array(&[-0.820893, 0.554992, 0.134606, 0.000000, 0.403638, 0.397114, 0.824244, 0.000000, 0.403994, 0.730948, -0.550004, 0.000000, -0.000000, 0.466842, 0.000000, 1.000000]),
            Mat4::from_cols_array(&[-0.849385, -0.187251, 0.493440, 0.000000, 0.423104, -0.800462, 0.424552, 0.000000, 0.315481, 0.569384, 0.759127, 0.000000, 0.333914, 0.490810, 0.027396, 1.000000]),
            Mat4::from_cols_array(&[1.000000, -0.000000, -0.000000, 0.000000, 0.000000, 0.699958, -0.714184, 0.000000, 0.000000, 0.714184, 0.699958, 0.000000, 0.000000, 0.518107, -0.000000, 1.000000]),
            Mat4::from_cols_array(&[-1.000000, -0.000000, 0.000000, 0.000000, 0.000000, -0.975241, 0.221144, 0.000000, 0.000000, 0.221144, 0.975239, 0.000000, -0.222149, 0.070596, 0.012936, 1.000000]),
            Mat4::from_cols_array(&[1.000000, 0.000000, -0.000000, 0.000000, 0.000000, -0.413720, 0.910404, 0.000000, 0.000000, -0.910404, -0.413720, 0.000000, 0.000000, 0.466842, 0.000000, 1.000000]),
            Mat4::from_cols_array(&[-0.726656, 0.675749, 0.123829, 0.000000, -0.687001, -0.714755, -0.130976, 0.000000, 0.000000, -0.180245, 0.983622, 0.000000, -0.333914, 0.490810, 0.027397, 1.000000]),
            Mat4::from_cols_array(&[1.000000, 0.000000, 0.000000, 0.000000, -0.000000, 0.990545, 0.137188, 0.000000, -0.000000, -0.137188, 0.990545, 0.000000, 0.000000, 1.000000, 0.000000, 1.000000]),
        ],
        &[
            Mat4::from_cols_array(&[1.000000, 0.000000, -0.000000, 0.000000, -0.000000, 0.809367, -0.587304, 0.000000, -0.000000, 0.587304, 0.809367, 0.000000, 0.000000, 0.518107, 0.000000, 1.000000]),
            Mat4::from_cols_array(&[-1.000000, 0.000000, 0.000000, 0.000000, -0.000000, -0.805089, 0.593153, 0.000000, 0.000000, 0.593152, 0.805088, 0.000000, 0.222149, 0.070596, 0.012936, 1.000000]),
            Mat4::from_cols_array(&[0.999938, 0.004521, 0.010181, 0.000000, -0.007370, 0.953827, 0.300265, 0.000000, -0.008353, -0.300321, 0.953802, 0.000000, 0.000000, 0.663646, 0.000000, 1.000000]),
            Mat4::from_cols_array(&[-0.820893, 0.554992, 0.134606, 0.000000, 0.403638, 0.397114, 0.824244, 0.000000, 0.403994, 0.730948, -0.550004, 0.000000, -0.000000, 0.466842, 0.000000, 1.000000]),
            Mat4::from_cols_array(&[-0.849385, 0.007695, 0.527718, 0.000000, 0.423104, -0.587768, 0.689574, 0.000000, 0.315482, 0.808993, 0.495985, 0.000000, 0.333914, 0.490810, 0.027396, 1.000000]),
            Mat4::from_cols_array(&[1.000000, -0.000000, -0.000000, 0.000000, 0.000000, 0.699958, -0.714184, 0.000000, 0.000000, 0.714184, 0.699958, 0.000000, 0.000000, 0.518107, -0.000000, 1.000000]),
            Mat4::from_cols_array(&[-1.000000, -0.000000, 0.000000, 0.000000, 0.000000, -0.975241, 0.221144, 0.000000, 0.000000, 0.221144, 0.975239, 0.000000, -0.222149, 0.070596, 0.012936, 1.000000]),
            Mat4::from_cols_array(&[1.000000, 0.000000, -0.000000, 0.000000, 0.000000, -0.413720, 0.910404, 0.000000, 0.000000, -0.910404, -0.413720, 0.000000, 0.000000, 0.466842, 0.000000, 1.000000]),
            Mat4::from_cols_array(&[-0.726656, 0.616458, 0.303234, 0.000000, -0.687002, -0.652041, -0.320736, 0.000000, 0.000000, -0.441387, 0.897317, 0.000000, -0.333914, 0.490810, 0.027397, 1.000000]),
            Mat4::from_cols_array(&[1.000000, 0.000000, 0.000000, 0.000000, -0.000000, 0.990545, 0.137188, 0.000000, -0.000000, -0.137188, 0.990545, 0.000000, 0.000000, 1.000000, 0.000000, 1.000000]),
        ],
        &[
            Mat4::from_cols_array(&[1.000000, 0.000000, -0.000000, 0.000000, -0.000000, 0.809367, -0.587304, 0.000000, -0.000000, 0.587304, 0.809367, 0.000000, 0.000000, 0.518107, 0.000000, 1.000000]),
            Mat4::from_cols_array(&[-1.000000, 0.000000, 0.000000, 0.000000, -0.000000, -0.805089, 0.593153, 0.000000, 0.000000, 0.593152, 0.805088, 0.000000, 0.222149, 0.070596, 0.012936, 1.000000]),
            Mat4::from_cols_array(&[0.999938, 0.004521, 0.010181, 0.000000, -0.007370, 0.953827, 0.300265, 0.000000, -0.008353, -0.300321, 0.953802, 0.000000, 0.000000, 0.663646, 0.000000, 1.000000]),
            Mat4::from_cols_array(&[-0.883139, 0.457069, -0.105615, 0.000000, 0.433198, 0.880984, 0.190282, 0.000000, 0.180017, 0.122293, -0.976032, 0.000000, -0.000000, 0.466842, 0.000000, 1.000000]),
            Mat4::from_cols_array(&[-0.957170, 0.165449, 0.237596, 0.000000, 0.249940, 0.057981, 0.966524, 0.000000, 0.146135, 0.984512, -0.096850, 0.000000, 0.333914, 0.490810, 0.027396, 1.000000]),
            Mat4::from_cols_array(&[1.000000, -0.000000, -0.000000, 0.000000, 0.000000, 0.699958, -0.714184, 0.000000, 0.000000, 0.714184, 0.699958, 0.000000, 0.000000, 0.518107, -0.000000, 1.000000]),
            Mat4::from_cols_array(&[-1.000000, -0.000000, 0.000000, 0.000000, 0.000000, -0.975241, 0.221144, 0.000000, 0.000000, 0.221144, 0.975239, 0.000000, -0.222149, 0.070596, 0.012936, 1.000000]),
