// This file is generated by the glTF importer tool. Do not edit manually.

use glam::Mat4;

pub struct MeshData {
    pub vertices: &'static [f32],
    pub indices: &'static [u16],
}

pub static MESHES: &[MeshData] = &[
    MeshData {
        vertices: &[
            -0.354755, 0.002958, 0.143132, 0.543970, 0.293619, 0.000000, 0.000000, 1.000000,
            -0.354755, 0.002958, 0.143132, 0.885102, 0.909142, 0.000000, -1.000000, 0.000000,
            -0.354755, 0.002958, 0.143132, 0.536664, 0.827257, -1.000000, 0.000000, 0.000000,
            -0.354755, 0.547216, 0.143132, 0.543970, 0.466361, 0.000000, 0.000000, 1.000000,
            -0.354755, 0.547216, 0.143132, 0.214360, 0.021936, 0.000000, 1.000000, 0.000000,
            -0.354755, 0.547216, 0.143132, 0.536664, 1.000000, -1.000000, 0.000000, 0.000000,
            -0.354755, 0.002958, -0.143132, 0.584684, 0.428078, 0.000000, 0.000000, -1.000000,
            -0.354755, 0.002958, -0.143132, 0.975959, 0.909142, 0.000000, -1.000000, 0.000000,
            -0.354755, 0.002958, -0.143132, 0.627522, 0.827257, -1.000000, 0.000000, 0.000000,
            -0.354755, 0.547216, -0.143132, 0.584684, 0.600820, 0.000000, 0.000000, -1.000000,
            -0.354755, 0.547216, -0.143132, 0.305218, 0.021936, 0.000000, 1.000000, 0.000000,
            -0.354755, 0.547216, -0.143132, 0.627522, 1.000000, -1.000000, 0.000000, 0.000000,
            -0.068490, 0.002958, 0.143132, 0.453112, 0.293619, 0.000000, 0.000000, 1.000000,
            -0.068490, 0.002958, 0.143132, 0.885102, 0.818284, 0.000000, -1.000000, 0.000000,
            -0.068490, 0.002958, 0.143132, 0.702379, 0.631716, 1.000000, 0.000000, 0.000000,
            -0.068490, 0.547216, 0.143132, 0.453112, 0.466361, 0.000000, 0.000000, 1.000000,
            -0.068490, 0.547216, 0.143132, 0.214360, 0.112793, 0.000000, 1.000000, 0.000000,
            -0.068490, 0.547216, 0.143132, 0.702379, 0.804459, 1.000000, 0.000000, 0.000000,
            -0.068490, 0.002958, -0.143132, 0.675541, 0.428078, 0.000000, 0.000000, -1.000000,
            -0.068490, 0.002958, -0.143132, 0.975959, 0.818284, 0.000000, -1.000000, 0.000000,
            -0.068490, 0.002958, -0.143132, 0.611521, 0.631716, 1.000000, 0.000000, 0.000000,
            -0.068490, 0.547216, -0.143132, 0.675541, 0.600820, 0.000000, 0.000000, -1.000000,
            -0.068490, 0.547216, -0.143132, 0.305218, 0.112793, 0.000000, 1.000000, 0.000000,
            -0.068490, 0.547216, -0.143132, 0.611521, 0.804459, 1.000000, 0.000000, 0.000000,
        ],
        indices: &[
            2, 5, 11, 2, 11, 8, 6, 9, 21, 6, 21, 18, 20, 23, 17, 20, 17, 14, 12, 15, 3, 12, 3, 0,
            7, 19, 13, 7, 13, 1, 22, 10, 4, 22, 4, 16,
        ],
    },
    MeshData {
        vertices: &[
            -0.354755, 0.552489, 0.143132, 0.766399, 0.255335, 0.000000, 0.000000, 1.000000,
            -0.354755, 0.552489, 0.143132, 0.453112, 0.139337, 0.000000, -1.000000, 0.000000,
            -0.354755, 0.552489, 0.143132, 0.000000, 0.244232, -1.000000, 0.000000, 0.000000,
            -0.354755, 1.096747, 0.143132, 0.766399, 0.428078, 0.000000, 0.000000, 1.000000,
            -0.354755, 1.096747, 0.143132, 0.885102, 0.909142, 0.000000, 1.000000, 0.000000,
            -0.354755, 1.096747, 0.143132, 0.000000, 0.416974, -1.000000, 0.000000, 0.000000,
            -0.354755, 0.552489, -0.143132, 0.090858, 0.244232, 0.000000, 0.000000, -1.000000,
            -0.354755, 0.552489, -0.143132, 0.543970, 0.139337, 0.000000, -1.000000, 0.000000,
            -0.354755, 0.552489, -0.143132, 0.090858, 0.244232, -1.000000, 0.000000, 0.000000,
            -0.354755, 1.096747, -0.143132, 0.090858, 0.416974, 0.000000, 0.000000, -1.000000,
            -0.354755, 1.096747, -0.143132, 0.975959, 0.909142, 0.000000, 1.000000, 0.000000,
            -0.354755, 1.096747, -0.143132, 0.090858, 0.416974, -1.000000, 0.000000, 0.000000,
            -0.068490, 0.552489, 0.143132, 0.675541, 0.255335, 0.000000, 0.000000, 1.000000,
            -0.068490, 0.552489, 0.143132, 0.453112, 0.048480, 0.000000, -1.000000, 0.000000,
            -0.068490, 0.552489, 0.143132, 0.766399, 0.428078, 1.000000, 0.000000, 0.000000,
            -0.068490, 1.096747, 0.143132, 0.675541, 0.428078, 0.000000, 0.000000, 1.000000,
            -0.068490, 1.096747, 0.143132, 0.885102, 1.000000, 0.000000, 1.000000, 0.000000,
            -0.068490, 1.096747, 0.143132, 0.766399, 0.600820, 1.000000, 0.000000, 0.000000,
            -0.068490, 0.552489, -0.143132, 0.181716, 0.244232, 0.000000, 0.000000, -1.000000,
            -0.068490, 0.552489, -0.143132, 0.543970, 0.048480, 0.000000, -1.000000, 0.000000,
            -0.068490, 0.552489, -0.143132, 0.675541, 0.428078, 1.000000, 0.000000, 0.000000,
            -0.068490, 1.096747, -0.143132, 0.181716, 0.416974, 0.000000, 0.000000, -1.000000,
            -0.068490, 1.096747, -0.143132, 0.975960, 1.000000, 0.000000, 1.000000, 0.000000,
            -0.068490, 1.096747, -0.143132, 0.675541, 0.600820, 1.000000, 0.000000, 0.000000,
        ],
        indices: &[
            2, 5, 11, 2, 11, 8, 6, 9, 21, 6, 21, 18, 20, 23, 17, 20, 17, 14, 12, 15, 3, 12, 3, 0,
            7, 19, 13, 7, 13, 1, 22, 10, 4, 22, 4, 16,
        ],
    },
    MeshData {
        vertices: &[
            -0.207271, 1.715766, 0.207271, 0.345932, 0.469249, 0.000000, 0.000000, 1.000000,
            -0.207271, 1.715766, 0.207271, 0.215924, 0.632175, -0.975788, -0.165498, 0.142998,
            -0.207271, 1.715766, 0.207271, 0.215924, 0.632175, -1.000000, 0.000000, 0.000000,
            -0.207271, 2.130307, 0.207271, 0.345932, 0.600820, 0.000000, 0.000000, 1.000000,
            -0.207271, 2.130307, 0.207271, -0.000000, 0.416974, 0.000000, 1.000000, 0.000000,
            -0.207271, 2.130307, 0.207271, 0.215134, 0.763288, -1.000000, 0.000000, 0.000000,
            -0.207271, 1.715766, -0.207271, 0.611522, 0.631716, 0.000000, 0.000000, -1.000000,
            -0.207271, 1.715766, -0.207271, 0.453112, 0.600820, 0.000000, -0.957363, -0.288889,
            -0.207271, 1.715766, -0.207271, 0.347155, 0.632175, -0.975788, -0.165498, 0.142998,
            -0.207271, 1.715766, -0.207271, 0.347155, 0.632175, -1.000000, 0.000000, 0.000000,
            -0.207271, 2.130307, -0.207271, 0.479950, 0.631716, 0.000000, 0.000000, -1.000000,
            -0.207271, 2.130307, -0.207271, 0.131572, 0.416974, 0.000000, 1.000000, 0.000000,
            -0.207271, 2.130307, -0.207271, 0.346365, 0.763288, -1.000000, 0.000000, 0.000000,
            0.207271, 1.715766, 0.207271, 0.214360, 0.469249, 0.000000, 0.000000, 1.000000,
            0.207271, 1.715766, 0.207271, 0.478386, 0.632175, 0.975788, -0.165498, 0.142998,
            0.207271, 1.715766, 0.207271, 0.478386, 0.632175, 1.000000, 0.000000, 0.000000,
            0.207271, 2.130307, 0.207271, 0.214360, 0.600820, 0.000000, 0.000000, 1.000000,
            0.207271, 2.130307, 0.207271, 0.000000, 0.548546, 0.000000, 1.000000, 0.000000,
            0.207271, 2.130307, 0.207271, 0.479176, 0.763288, 1.000000, 0.000000, 0.000000,
            0.207271, 1.715766, -0.207271, 0.611522, 0.763288, 0.000000, 0.000000, -1.000000,
            0.207271, 1.715766, -0.207271, 0.584683, 0.600820, 0.000000, -0.957363, -0.288889,
            0.207271, 1.715766, -0.207271, 0.347155, 0.632175, 0.975788, -0.165498, 0.142998,
            0.207271, 1.715766, -0.207271, 0.347155, 0.632175, 1.000000, 0.000000, 0.000000,
            0.207271, 2.130307, -0.207271, 0.479950, 0.763288, 0.000000, 0.000000, -1.000000,
            0.207271, 2.130307, -0.207271, 0.131572, 0.548546, 0.000000, 1.000000, 0.000000,
            0.207271, 2.130307, -0.207271, 0.347945, 0.763288, 1.000000, 0.000000, 0.000000,
            -0.207271, 1.623037, 0.100000, 0.453112, 0.500043, 0.000000, -0.957363, -0.288889,
            -0.207271, 1.623037, 0.100000, 0.453112, 0.500043, 0.000000, -1.000000, 0.000000,
            -0.207271, 1.623037, 0.100000, 0.250060, 0.602847, -0.975788, -0.165498, 0.142998,
            -0.130774, 1.623037, 0.207271, 0.321652, 0.439817, 0.000000, 0.000000, 1.000000,
            -0.130774, 1.623037, 0.207271, 0.477391, 0.466361, 0.000000, -1.000000, 0.000000,
            -0.130774, 1.623037, 0.207271, 0.214360, 0.600820, -0.975788, -0.165498, 0.142998,
            0.207271, 1.623037, 0.100000, 0.584683, 0.500043, 0.000000, -0.957363, -0.288889,
            0.207271, 1.623037, 0.100000, 0.584683, 0.500043, 0.000000, -1.000000, 0.000000,
            0.207271, 1.623037, 0.100000, 0.444250, 0.602847, 0.975788, -0.165498, 0.142998,
            0.130774, 1.623037, 0.207271, 0.238640, 0.439817, 0.000000, 0.000000, 1.000000,
            0.130774, 1.623037, 0.207271, 0.560404, 0.466361, 0.000000, -1.000000, 0.000000,
            0.130774, 1.623037, 0.207271, 0.479950, 0.600820, 0.975788, -0.165498, 0.142998,
        ],
        indices: &[
            2, 5, 12, 2, 12, 9, 6, 10, 23, 6, 23, 19, 22, 25, 18, 22, 18, 15, 13, 16, 3, 13, 3, 0,
            21, 14, 34, 14, 37, 34, 24, 11, 4, 24, 4, 17, 27, 33, 36, 27, 36, 30, 13, 0, 29, 13,
            29, 35, 7, 20, 32, 7, 32, 26, 1, 8, 28, 1, 28, 31,
        ],
    },
    MeshData {
        vertices: &[
            -1.265015, 1.373846, 0.166571, 0.071372, 0.244232, 0.000000, 0.000000, 1.000000,
            -1.265015, 1.373846, 0.166571, 0.857257, 0.600820, 0.000000, -1.000000, 0.000000,
            -1.265015, 1.373846, 0.166571, 0.928628, 0.529449, -1.000000, 0.000000, 0.000000,
            -1.265015, 1.598716, 0.166571, -0.000000, 0.244232, 0.000000, 0.000000, 1.000000,
            -1.265015, 1.598716, 0.166571, 0.857257, 0.310531, 0.000000, 1.000000, 0.000000,
            -1.265015, 1.598716, 0.166571, 0.928628, 0.600820, -1.000000, 0.000000, 0.000000,
            -1.265015, 1.373846, -0.058299, 0.883647, 0.110190, 0.000000, 0.000000, -1.000000,
            -1.265015, 1.373846, -0.058299, 0.928628, 0.600820, 0.000000, -1.000000, 0.000000,
            -1.265015, 1.373846, -0.058299, 1.000000, 0.529449, -1.000000, 0.000000, 0.000000,
            -1.265015, 1.598716, -0.058299, 0.812276, 0.110190, 0.000000, 0.000000, -1.000000,
            -1.265015, 1.598716, -0.058299, 0.928628, 0.310531, 0.000000, 1.000000, 0.000000,
            -1.265015, 1.598716, -0.058299, 1.000000, 0.600820, -1.000000, 0.000000, 0.000000,
            -0.807709, 1.373846, 0.166571, 0.071372, 0.099087, 0.000000, 0.000000, 1.000000,
            -0.807709, 1.373846, 0.166571, 0.857257, 0.455675, 0.000000, -1.000000, 0.000000,
            -0.807709, 1.373846, 0.166571, 1.000000, 0.458077, 1.000000, 0.000000, 0.000000,
            -0.807709, 1.598716, 0.166571, -0.000000, 0.099087, 0.000000, 0.000000, 1.000000,
            -0.807709, 1.598716, 0.166571, 0.857257, 0.455675, 0.000000, 1.000000, 0.000000,
            -0.807709, 1.598716, 0.166571, 1.000000, 0.529449, 1.000000, 0.000000, 0.000000,
            -0.807709, 1.373846, -0.058299, 0.883647, 0.255335, 0.000000, 0.000000, -1.000000,
            -0.807709, 1.373846, -0.058299, 0.928628, 0.455675, 0.000000, -1.000000, 0.000000,
            -0.807709, 1.373846, -0.058299, 0.928628, 0.458077, 1.000000, 0.000000, 0.000000,
            -0.807709, 1.598716, -0.058299, 0.812276, 0.255335, 0.000000, 0.000000, -1.000000,
            -0.807709, 1.598716, -0.058299, 0.928628, 0.455675, 0.000000, 1.000000, 0.000000,
            -0.807709, 1.598716, -0.058299, 0.928628, 0.529449, 1.000000, 0.000000, 0.000000,
        ],
        indices: &[
            2, 5, 11, 2, 11, 8, 6, 9, 21, 6, 21, 18, 20, 23, 17, 20, 17, 14, 12, 15, 3, 12, 3, 0,
            7, 19, 13, 7, 13, 1, 22, 10, 4, 22, 4, 16,
        ],
    },
    MeshData {
        vertices: &[
            -0.809511, 1.366769, 0.173648, 0.528976, 0.293619, 0.000000, 0.000000, 1.000000,
            -0.809511, 1.366769, 0.173648, 0.660548, 0.255335, 0.000000, -1.000000, 0.000000,
            -0.809511, 1.366769, 0.173648, 0.207436, 0.472682, -1.000000, 0.000000, 0.000000,
            -0.809511, 1.605793, 0.173648, 0.453112, 0.293619, 0.000000, 0.000000, 1.000000,
            -0.809511, 1.605793, 0.173648, 0.345932, 0.105013, 0.000000, 1.000000, 0.000000,
            -0.809511, 1.605793, 0.173648, 0.131572, 0.472682, -1.000000, 0.000000, 0.000000,
            -0.809511, 1.366769, -0.065376, 0.885102, 0.845719, 0.000000, 0.000000, -1.000000,
            -0.809511, 1.366769, -0.065376, 0.736412, 0.255335, 0.000000, -1.000000, 0.000000,
            -0.809511, 1.366769, -0.065376, 0.207436, 0.548546, -1.000000, 0.000000, 0.000000,
            -0.809511, 1.605793, -0.065376, 0.809238, 0.845719, 0.000000, 0.000000, -1.000000,
            -0.809511, 1.605793, -0.065376, 0.421796, 0.105013, 0.000000, 1.000000, 0.000000,
            -0.809511, 1.605793, -0.065376, 0.131572, 0.548546, -1.000000, 0.000000, 0.000000,
            -0.323419, 1.366769, 0.173648, 0.528976, 0.139338, 0.000000, 0.000000, 1.000000,
            -0.323419, 1.366769, 0.173648, 0.660547, 0.101054, 0.000000, -1.000000, 0.000000,
            -0.323419, 1.366769, 0.173648, 0.075864, 0.099087, 1.000000, 0.000000, 0.000000,
            -0.323419, 1.605793, 0.173648, 0.453112, 0.139338, 0.000000, 0.000000, 1.000000,
            -0.323419, 1.605793, 0.173648, 0.345932, 0.259294, 0.000000, 1.000000, 0.000000,
            -0.323419, 1.605793, 0.173648, 0.000000, 0.099087, 1.000000, 0.000000, 0.000000,
            -0.323419, 1.366769, -0.065376, 0.885102, 1.000000, 0.000000, 0.000000, -1.000000,
            -0.323419, 1.366769, -0.065376, 0.736412, 0.101054, 0.000000, -1.000000, 0.000000,
            -0.323419, 1.366769, -0.065376, 0.075864, 0.023223, 1.000000, 0.000000, 0.000000,
            -0.323419, 1.605793, -0.065376, 0.809238, 1.000000, 0.000000, 0.000000, -1.000000,
            -0.323419, 1.605793, -0.065376, 0.421796, 0.259294, 0.000000, 1.000000, 0.000000,
            -0.323419, 1.605793, -0.065376, 0.000000, 0.023223, 1.000000, 0.000000, 0.000000,
        ],
        indices: &[
            2, 5, 11, 2, 11, 8, 6, 9, 21, 6, 21, 18, 20, 23, 17, 20, 17, 14, 12, 15, 3, 12, 3, 0,
            7, 19, 13, 7, 13, 1, 22, 10, 4, 22, 4, 16,
        ],
    },
    MeshData {
        vertices: &[
            0.354755, 0.002958, 0.143132, 0.214360, 0.267074, 0.000000, 0.000000, 1.000000,
            0.354755, 0.002958, 0.143132, 0.584683, 0.010196, 0.000000, -1.000000, 0.000000,
            0.354755, 0.002958, 0.143132, 0.718380, 0.827257, 1.000000, 0.000000, 0.000000,
            0.354755, 0.002958, -0.143132, 0.675541, 0.255335, 0.000000, 0.000000, -1.000000,
            0.354755, 0.002958, -0.143132, 0.675541, 0.010196, 0.000000, -1.000000, 0.000000,
            0.354755, 0.002958, -0.143132, 0.627522, 0.827257, 1.000000, 0.000000, 0.000000,
            0.354755, 0.547216, 0.143132, 0.214360, 0.439817, 0.000000, 0.000000, 1.000000,
            0.354755, 0.547216, 0.143132, 0.675541, 0.101054, 0.000000, 1.000000, 0.000000,
            0.354755, 0.547216, 0.143132, 0.718380, 1.000000, 1.000000, 0.000000, 0.000000,
            0.068490, 0.002958, 0.143132, 0.305218, 0.267074, 0.000000, 0.000000, 1.000000,
            0.068490, 0.002958, 0.143132, 0.584683, 0.101054, 0.000000, -1.000000, 0.000000,
            0.068490, 0.002958, 0.143132, 0.345932, 0.259294, -1.000000, 0.000000, 0.000000,
            0.068490, 0.002958, -0.143132, 0.584683, 0.255335, 0.000000, 0.000000, -1.000000,
            0.068490, 0.002958, -0.143132, 0.675541, 0.101054, 0.000000, -1.000000, 0.000000,
            0.068490, 0.002958, -0.143132, 0.436790, 0.259294, -1.000000, 0.000000, 0.000000,
            0.068490, 0.547216, 0.143132, 0.305218, 0.439817, 0.000000, 0.000000, 1.000000,
            0.068490, 0.547216, 0.143132, 0.675541, 0.010196, 0.000000, 1.000000, 0.000000,
            0.068490, 0.547216, 0.143132, 0.345932, 0.432036, -1.000000, 0.000000, 0.000000,
            0.068490, 0.547216, -0.143132, 0.584683, 0.428078, 0.000000, 0.000000, -1.000000,
            0.068490, 0.547216, -0.143132, 0.766399, 0.010196, 0.000000, 1.000000, 0.000000,
            0.068490, 0.547216, -0.143132, 0.436790, 0.432036, -1.000000, 0.000000, 0.000000,
            0.354755, 0.547216, -0.143132, 0.675541, 0.428078, 0.000000, 0.000000, -1.000000,
            0.354755, 0.547216, -0.143132, 0.766399, 0.101054, 0.000000, 1.000000, 0.000000,
            0.354755, 0.547216, -0.143132, 0.627522, 1.000000, 1.000000, 0.000000, 0.000000,
        ],
        indices: &[
            4, 1, 10, 4, 10, 13, 2, 5, 23, 2, 23, 8, 9, 0, 6, 9, 6, 15, 14, 11, 17, 14, 17, 20, 19,
            16, 7, 19, 7, 22, 3, 12, 18, 3, 18, 21,
        ],
    },
    MeshData {
        vertices: &[
            0.354755, 0.552489, 0.143132, 0.718380, 0.827257, 0.000000, 0.000000, 1.000000,
            0.354755, 0.552489, 0.143132, 0.812276, 0.019332, 0.000000, -1.000000, 0.000000,
            0.354755, 0.552489, 0.143132, 0.793237, 0.631716, 1.000000, 0.000000, 0.000000,
            0.354755, 0.552489, -0.143132, 0.857257, 0.255335, 0.000000, 0.000000, -1.000000,
            0.354755, 0.552489, -0.143132, 0.903133, 0.019332, 0.000000, -1.000000, 0.000000,
            0.354755, 0.552489, -0.143132, 0.702379, 0.631716, 1.000000, 0.000000, 0.000000,
            0.354755, 1.096747, 0.143132, 0.718380, 1.000000, 0.000000, 0.000000, 1.000000,
            0.354755, 1.096747, 0.143132, 0.345932, 0.105013, 0.000000, 1.000000, 0.000000,
            0.354755, 1.096747, 0.143132, 0.793237, 0.804459, 1.000000, 0.000000, 0.000000,
            0.068490, 0.552489, 0.143132, 0.809238, 0.827257, 0.000000, 0.000000, 1.000000,
            0.068490, 0.552489, 0.143132, 0.812276, 0.110190, 0.000000, -1.000000, 0.000000,
            0.068490, 0.552489, 0.143132, 0.766399, 0.428078, -1.000000, 0.000000, 0.000000,
            0.068490, 0.552489, -0.143132, 0.766399, 0.255335, 0.000000, 0.000000, -1.000000,
            0.068490, 0.552489, -0.143132, 0.903133, 0.110190, 0.000000, -1.000000, 0.000000,
            0.068490, 0.552489, -0.143132, 0.857257, 0.428078, -1.000000, 0.000000, 0.000000,
            0.068490, 1.096747, 0.143132, 0.809238, 1.000000, 0.000000, 0.000000, 1.000000,
            0.068490, 1.096747, 0.143132, 0.345932, 0.014155, 0.000000, 1.000000, 0.000000,
            0.068490, 1.096747, 0.143132, 0.766399, 0.600820, -1.000000, 0.000000, 0.000000,
            0.068490, 1.096747, -0.143132, 0.766399, 0.428078, 0.000000, 0.000000, -1.000000,
            0.068490, 1.096747, -0.143132, 0.436790, 0.014155, 0.000000, 1.000000, 0.000000,
            0.068490, 1.096747, -0.143132, 0.857257, 0.600820, -1.000000, 0.000000, 0.000000,
            0.354755, 1.096747, -0.143132, 0.857257, 0.428078, 0.000000, 0.000000, -1.000000,
            0.354755, 1.096747, -0.143132, 0.436790, 0.105013, 0.000000, 1.000000, 0.000000,
            0.354755, 1.096747, -0.143132, 0.702379, 0.804459, 1.000000, 0.000000, 0.000000,
        ],
        indices: &[
            4, 1, 10, 4, 10, 13, 2, 5, 23, 2, 23, 8, 9, 0, 6, 9, 6, 15, 14, 11, 17, 14, 17, 20, 19,
            16, 7, 19, 7, 22, 3, 12, 18, 3, 18, 21,
        ],
    },
    MeshData {
        vertices: &[
            1.265015, 1.373846, 0.166571, 0.142743, 0.099087, 0.000000, 0.000000, 1.000000,
            1.265015, 1.373846, 0.166571, 0.869101, 0.659314, 0.000000, -1.000000, 0.000000,
            1.265015, 1.373846, 0.166571, 1.000000, 0.384304, 1.000000, 0.000000, 0.000000,
            1.265015, 1.373846, -0.058299, 0.214115, 0.244232, 0.000000, 0.000000, -1.000000,
            1.265015, 1.373846, -0.058299, 0.940473, 0.659314, 0.000000, -1.000000, 0.000000,
            1.265015, 1.373846, -0.058299, 0.928628, 0.384304, 1.000000, 0.000000, 0.000000,
            1.265015, 1.598716, 0.166571, 0.071372, 0.099087, 0.000000, 0.000000, 1.000000,
            1.265015, 1.598716, 0.166571, 0.883647, 0.255335, 0.000000, 1.000000, 0.000000,
            1.265015, 1.598716, 0.166571, 1.000000, 0.455675, 1.000000, 0.000000, 0.000000,
            0.807709, 1.373846, 0.166571, 0.142743, 0.244231, 0.000000, 0.000000, 1.000000,
            0.807709, 1.373846, 0.166571, 0.869101, 0.804459, 0.000000, -1.000000, 0.000000,
            0.807709, 1.373846, 0.166571, 0.928628, 0.312932, -1.000000, 0.000000, 0.000000,
            0.807709, 1.373846, -0.058299, 0.214115, 0.099087, 0.000000, 0.000000, -1.000000,
            0.807709, 1.373846, -0.058299, 0.940473, 0.804459, 0.000000, -1.000000, 0.000000,
            0.807709, 1.373846, -0.058299, 1.000000, 0.312932, -1.000000, 0.000000, 0.000000,
            0.807709, 1.598716, 0.166571, 0.071372, 0.244231, 0.000000, 0.000000, 1.000000,
            0.807709, 1.598716, 0.166571, 0.883647, 0.110190, 0.000000, 1.000000, 0.000000,
            0.807709, 1.598716, 0.166571, 0.928628, 0.384304, -1.000000, 0.000000, 0.000000,
            0.807709, 1.598716, -0.058299, 0.142743, 0.099087, 0.000000, 0.000000, -1.000000,
            0.807709, 1.598716, -0.058299, 0.955019, 0.110190, 0.000000, 1.000000, 0.000000,
            0.807709, 1.598716, -0.058299, 1.000000, 0.384304, -1.000000, 0.000000, 0.000000,
            1.265015, 1.598716, -0.058299, 0.142743, 0.244232, 0.000000, 0.000000, -1.000000,
            1.265015, 1.598716, -0.058299, 0.955019, 0.255335, 0.000000, 1.000000, 0.000000,
            1.265015, 1.598716, -0.058299, 0.928628, 0.455675, 1.000000, 0.000000, 0.000000,
        ],
        indices: &[
            4, 1, 10, 4, 10, 13, 2, 5, 23, 2, 23, 8, 9, 0, 6, 9, 6, 15, 14, 11, 17, 14, 17, 20, 19,
            16, 7, 19, 7, 22, 3, 12, 18, 3, 18, 21,
        ],
    },
    MeshData {
        vertices: &[
            0.809511, 1.366769, 0.173648, 0.290224, 0.112793, 0.000000, 0.000000, 1.000000,
            0.809511, 1.366769, 0.173648, 0.584683, 0.101054, 0.000000, -1.000000, 0.000000,
            0.809511, 1.366769, 0.173648, 0.151728, 0.099087, 1.000000, 0.000000, 0.000000,
            0.809511, 1.366769, -0.065376, 0.869101, 0.804459, 0.000000, 0.000000, -1.000000,
            0.809511, 1.366769, -0.065376, 0.660548, 0.101054, 0.000000, -1.000000, 0.000000,
            0.809511, 1.366769, -0.065376, 0.151728, 0.023223, 1.000000, 0.000000, 0.000000,
            0.809511, 1.605793, 0.173648, 0.214360, 0.112793, 0.000000, 0.000000, 1.000000,
            0.809511, 1.605793, 0.173648, 0.736412, 0.255335, 0.000000, 1.000000, 0.000000,
            0.809511, 1.605793, 0.173648, 0.075864, 0.099087, 1.000000, 0.000000, 0.000000,
            0.323419, 1.366769, 0.173648, 0.290224, 0.267074, 0.000000, 0.000000, 1.000000,
            0.323419, 1.366769, 0.173648, 0.584684, 0.255335, 0.000000, -1.000000, 0.000000,
            0.323419, 1.366769, 0.173648, 0.978997, 0.034326, -1.000000, 0.000000, 0.000000,
            0.323419, 1.366769, -0.065376, 0.869101, 0.650178, 0.000000, 0.000000, -1.000000,
            0.323419, 1.366769, -0.065376, 0.660548, 0.255335, 0.000000, -1.000000, 0.000000,
            0.323419, 1.366769, -0.065376, 0.978997, 0.110190, -1.000000, 0.000000, 0.000000,
            0.323419, 1.605793, 0.173648, 0.214360, 0.267074, 0.000000, 0.000000, 1.000000,
            0.323419, 1.605793, 0.173648, 0.736412, 0.101054, 0.000000, 1.000000, 0.000000,
            0.323419, 1.605793, 0.173648, 0.903133, 0.034326, -1.000000, 0.000000, 0.000000,
            0.323419, 1.605793, -0.065376, 0.793237, 0.650178, 0.000000, 0.000000, -1.000000,
            0.323419, 1.605793, -0.065376, 0.812276, 0.101054, 0.000000, 1.000000, 0.000000,
            0.323419, 1.605793, -0.065376, 0.903133, 0.110190, -1.000000, 0.000000, 0.000000,
            0.809511, 1.605793, -0.065376, 0.793237, 0.804459, 0.000000, 0.000000, -1.000000,
            0.809511, 1.605793, -0.065376, 0.812276, 0.255335, 0.000000, 1.000000, 0.000000,
            0.809511, 1.605793, -0.065376, 0.075864, 0.023223, 1.000000, 0.000000, 0.000000,
        ],
        indices: &[
            4, 1, 10, 4, 10, 13, 2, 5, 23, 2, 23, 8, 9, 0, 6, 9, 6, 15, 14, 11, 17, 14, 17, 20, 19,
            16, 7, 19, 7, 22, 3, 12, 18, 3, 18, 21,
        ],
    },
    MeshData {
        vertices: &[
            -0.338293, 1.091251, 0.199312, 0.429484, 0.831216, 0.000000, 0.000000, 1.000000,
            -0.338293, 1.091251, 0.199312, 0.107180, 0.763288, -0.671398, -0.741097, 0.000000,
            -0.338293, 1.091251, 0.199312, 0.429484, 0.831216, -1.000000, 0.000000, 0.000000,
            -0.338293, 1.623037, 0.199312, 0.429484, 1.000000, 0.000000, 0.000000, 1.000000,
            -0.338293, 1.623037, 0.199312, -0.000000, 0.548546, 0.000000, 1.000000, 0.000000,
            -0.338293, 1.623037, 0.199312, 0.429484, 1.000000, -1.000000, 0.000000, 0.000000,
            -0.338293, 1.091251, -0.138379, 0.000000, 0.831216, 0.000000, 0.000000, -1.000000,
            -0.338293, 1.091251, -0.138379, 0.214360, 0.763288, -0.671398, -0.741097, 0.000000,
            -0.338293, 1.091251, -0.138379, 0.536664, 0.831216, -1.000000, 0.000000, 0.000000,
            -0.338293, 1.623037, -0.138379, 0.000000, 1.000000, 0.000000, 0.000000, -1.000000,
            -0.338293, 1.623037, -0.138379, 0.107180, 0.548546, 0.000000, 1.000000, 0.000000,
            -0.338293, 1.623037, -0.138379, 0.536664, 1.000000, -1.000000, 0.000000, 0.000000,
            0.338293, 1.091251, 0.199312, 0.214742, 0.831216, 0.000000, 0.000000, 1.000000,
            0.338293, 1.091251, 0.199312, 0.107180, 0.548546, 0.671398, -0.741097, 0.000000,
            0.338293, 1.091251, 0.199312, 0.453112, 0.432036, 1.000000, 0.000000, 0.000000,
            0.338293, 1.623037, 0.199312, 0.214742, 1.000000, 0.000000, 0.000000, 1.000000,
            0.338293, 1.623037, 0.199312, 0.000000, 0.763288, 0.000000, 1.000000, 0.000000,
            0.338293, 1.623037, 0.199312, 0.453112, 0.600820, 1.000000, 0.000000, 0.000000,
            0.338293, 1.091251, -0.138379, 0.214742, 0.831216, 0.000000, 0.000000, -1.000000,
            0.338293, 1.091251, -0.138379, 0.214360, 0.548546, 0.671398, -0.741097, 0.000000,
            0.338293, 1.091251, -0.138379, 0.345932, 0.432036, 1.000000, 0.000000, 0.000000,
            0.338293, 1.623037, -0.138379, 0.214742, 1.000000, 0.000000, 0.000000, -1.000000,
            0.338293, 1.623037, -0.138379, 0.107180, 0.763288, 0.000000, 1.000000, 0.000000,
            0.338293, 1.623037, -0.138379, 0.345932, 0.600820, 1.000000, 0.000000, 0.000000,
            -0.102080, 0.877231, -0.138379, 0.074972, 0.763288, 0.000000, 0.000000, -1.000000,
            -0.102080, 0.877231, -0.138379, 0.214360, 0.688316, 0.000000, -1.000000, 0.000000,
            -0.102080, 0.877231, -0.138379, 0.214360, 0.688316, -0.671398, -0.741097, 0.000000,
            -0.102080, 0.877231, 0.199312, 0.354513, 0.763288, 0.000000, 0.000000, 1.000000,
            -0.102080, 0.877231, 0.199312, 0.107180, 0.688316, 0.000000, -1.000000, 0.000000,
            -0.102080, 0.877231, 0.199312, 0.107180, 0.688316, -0.671398, -0.741097, 0.000000,
            0.102080, 0.877231, -0.138379, 0.139770, 0.763288, 0.000000, 0.000000, -1.000000,
            0.102080, 0.877231, -0.138379, 0.214360, 0.623518, 0.000000, -1.000000, 0.000000,
            0.102080, 0.877231, -0.138379, 0.214360, 0.623518, 0.671398, -0.741097, 0.000000,
            0.102080, 0.877231, 0.199312, 0.289714, 0.763288, 0.000000, 0.000000, 1.000000,
            0.102080, 0.877231, 0.199312, 0.107180, 0.623518, 0.000000, -1.000000, 0.000000,
            0.102080, 0.877231, 0.199312, 0.107180, 0.623518, 0.671398, -0.741097, 0.000000,
        ],
        indices: &[
            2, 5, 11, 2, 11, 8, 6, 9, 21, 6, 21, 18, 20, 23, 17, 20, 17, 14, 12, 15, 3, 12, 3, 0,
            6, 18, 30, 6, 30, 24, 22, 10, 4, 22, 4, 16, 25, 31, 34, 25, 34, 28, 1, 7, 26, 1, 26,
            29, 19, 13, 35, 19, 35, 32, 12, 0, 27, 12, 27, 33,
        ],
    },
];

pub static ANIMATIONS: &[(&str, &[&[Mat4]])] = &[
    (
        "5a",
        &[
            &[
                Mat4::from_cols_array(&[
                    1.000000, -0.000000, -0.000000, 0.000000, 0.000000, 0.991512, -0.130006,
                    0.000000, 0.000000, 0.130008, 0.991514, 0.000000, -0.000000, 0.063850,
                    -0.197706, 1.000000,
                ]),
                Mat4::from_cols_array(&[
                    1.000000, -0.000000, -0.000000, 0.000000, 0.000000, 0.878851, 0.477095,
                    0.000000, 0.000000, -0.477095, 0.878852, 0.000000, -0.000000, 0.126226,
                    -0.533836, 1.000000,
                ]),
                Mat4::from_cols_array(&[
                    0.999938, -0.003082, 0.010705, 0.000000, 0.005020, 0.982531, -0.186028,
                    0.000000, -0.009945, 0.186071, 0.982486, 0.000000, -0.007107, 0.011209,
                    0.098895, 1.000000,
                ]),
                Mat4::from_cols_array(&[
                    0.085210, 0.061155, 0.994484, 0.000000, 0.974539, 0.202644, -0.095963,
                    0.000000, -0.207395, 0.977341, -0.042330, 0.000000, -1.900277, 0.772435,
                    0.702178, 1.000000,
                ]),
                Mat4::from_cols_array(&[
                    0.423104, 0.851137, 0.310723, 0.000000, -0.849385, 0.253175, 0.463085,
                    0.000000, 0.315481, -0.459857, 0.830062, 0.000000, 1.051597, 1.418256,
                    -0.730716, 1.000000,
                ]),
                Mat4::from_cols_array(&[
                    1.000000, -0.000000, 0.000000, 0.000000, 0.000000, 0.758301, -0.651903,
                    0.000000, -0.000000, 0.651906, 0.758301, 0.000000, -0.000000, 0.132089,
                    0.294262, 1.000000,
                ]),
                Mat4::from_cols_array(&[
                    1.000000, -0.000000, 0.000000, 0.000000, 0.000000, 0.996359, 0.085261,
                    0.000000, -0.000000, -0.085261, 0.996358, 0.000000, -0.000000, 0.000285,
                    -0.113879, 1.000000,
                ]),
                Mat4::from_cols_array(&[
                    -0.284226, 0.000083, -0.958757, 0.000000, 0.726656, 0.652372, -0.215363,
                    0.000000, 0.625449, -0.757899, -0.185482, 0.000000, -0.237299, 0.236294,
                    1.111410, 1.000000,
                ]),
                Mat4::from_cols_array(&[
                    0.687001, -0.690028, 0.227794, 0.000000, 0.726656, 0.652372, -0.215363,
                    0.000000, 0.000000, 0.313482, 0.949594, 0.000000, -0.976539, 0.722996,
                    0.091446, 1.000000,
                ]),
                Mat4::from_cols_array(&[
                    1.000000, -0.000000, -0.000000, 0.000000, 0.000000, 0.949594, -0.313482,
                    0.000000, 0.000000, 0.313482, 0.949594, 0.000000, -0.000000, 0.050406,
                    0.313482, 1.000000,
                ]),
            ],
            &[
                Mat4::from_cols_array(&[
                    1.000000, -0.000000, -0.000000, 0.000000, 0.000000, 0.991512, -0.130006,
                    0.000000, 0.000000, 0.130008, 0.991514, 0.000000, -0.000000, 0.063850,
                    -0.197706, 1.000000,
                ]),
                Mat4::from_cols_array(&[
                    1.000000, -0.000000, -0.000000, 0.000000, 0.000000, 0.878851, 0.477095,
                    0.000000, 0.000000, -0.477095, 0.878852, 0.000000, -0.000000, 0.126226,
                    -0.533836, 1.000000,
                ]),
                Mat4::from_cols_array(&[
                    0.999938, -0.003082, 0.010705, 0.000000, 0.005020, 0.982531, -0.186028,
                    0.000000, -0.009945, 0.186071, 0.982486, 0.000000, -0.007107, 0.011209,
                    0.098895, 1.000000,
                ]),
                Mat4::from_cols_array(&[
                    0.085210, -0.309501, 0.947074, 0.000000, 0.974539, 0.223745, -0.014562,
                    0.000000, -0.207395, 0.924201, 0.320686, 0.000000, -1.900277, 0.528890,
                    0.384606, 1.000000,
                ]),
                Mat4::from_cols_array(&[
                    0.423104, 0.676812, 0.602419, 0.000000, -0.849385, 0.064775, 0.523784,
                    0.000000, 0.315481, -0.733300, 0.602280, 0.000000, 1.051597, 1.657153,
                    -0.709605, 1.000000,
                ]),
                Mat4::from_cols_array(&[
                    1.000000, -0.000000, 0.000000, 0.000000, 0.000000, 0.758301, -0.651903,
                    0.000000, -0.000000, 0.651906, 0.758301, 0.000000, -0.000000, 0.132089,
                    0.294262, 1.000000,
                ]),
                Mat4::from_cols_array(&[
                    1.000000, -0.000000, 0.000000, 0.000000, 0.000000, 0.996359, 0.085261,
                    0.000000, -0.000000, -0.085261, 0.996358, 0.000000, -0.000000, 0.000285,
                    -0.113879, 1.000000,
                ]),
                Mat4::from_cols_array(&[
                    -0.284227, -0.261105, -0.922518, 0.000000, 0.726656, 0.569029, -0.384937,
                    0.000000, 0.625449, -0.779762, 0.028000, 0.000000, -0.237298, 0.611931,
                    1.405270, 1.000000,
                ]),
                Mat4::from_cols_array(&[
                    0.687002, -0.601874, 0.407156, 0.000000, 0.726656, 0.569029, -0.384938,
                    0.000000, 0.000000, 0.560315, 0.828279, 0.000000, -0.976539, 0.802365,
                    0.291295, 1.000000,
                ]),
                Mat4::from_cols_array(&[
                    1.000000, -0.000000, -0.000000, 0.000000, 0.000000, 0.949594, -0.313482,
                    0.000000, 0.000000, 0.313482, 0.949594, 0.000000, -0.000000, 0.050406,
                    0.313482, 1.000000,
                ]),
            ],
            &[
                Mat4::from_cols_array(&[
                    1.000000, -0.000000, -0.000000, 0.000000, 0.000000, 0.978164, -0.207829,
                    0.000000, 0.000000, 0.207831, 0.978165, 0.000000, -0.000000, 0.051169,
                    -0.123229, 1.000000,
                ]),
                Mat4::from_cols_array(&[
                    1.000000, -0.000000, -0.000000, 0.000000, 0.000000, 0.913754, 0.406268,
                    0.000000, 0.000000, -0.406268, 0.913754, 0.000000, -0.000000, 0.086831,
                    -0.463233, 1.000000,
                ]),
                Mat4::from_cols_array(&[
                    0.999938, -0.002228, 0.010915, 0.000000, 0.005020, 0.964791, -0.262968,
                    0.000000, -0.009945, 0.263007, 0.964743, 0.000000, -0.007107, 0.022094,
                    0.176600, 1.000000,
                ]),
                Mat4::from_cols_array(&[
                    -0.166645, -0.101686, 0.980760, 0.000000, 0.944120, 0.270412, 0.188456,
                    0.000000, -0.284373, 0.957359, 0.050941, 0.000000, -1.971120, 0.860302,
                    -0.076878, 1.000000,
                ]),
                Mat4::from_cols_array(&[
                    0.249940, 0.151092, 0.956400, 0.000000, -0.957170, -0.110521, 0.267601,
                    0.000000, 0.146135, -0.982322, 0.116998, 0.000000, 1.164546, 1.748759,
                    -0.218192, 1.000000,
                ]),
                Mat4::from_cols_array(&[
                    1.000000, -0.000000, 0.000000, 0.000000, 0.000000, 0.704504, -0.709699,
                    0.000000, -0.000000, 0.709702, 0.704504, 0.000000, -0.000000, 0.158011,
                    0.361821, 1.000000,
                ]),
                Mat4::from_cols_array(&[
                    1.000000, -0.000000, 0.000000, 0.000000, 0.000000, 0.999980, 0.006385,
                    0.000000, -0.000000, -0.006385, 0.999979, 0.000000, -0.000000, -0.005584,
                    -0.034649, 1.000000,
                ]),
                Mat4::from_cols_array(&[
                    -0.284227, -0.333076, -0.899042, 0.000000, 0.726656, 0.536885, -0.428633,
                    0.000000, 0.625449, -0.775122, 0.089435, 0.000000, -0.237298, 0.724014,
                    1.431508, 1.000000,
                ]),
                Mat4::from_cols_array(&[
                    0.687002, -0.567874, 0.453373, 0.000000, 0.726656, 0.536885, -0.428633,
                    0.000000, 0.000000, 0.623918, 0.781490, 0.000000, -0.976539, 0.825964,
                    0.305980, 1.000000,
                ]),
                Mat4::from_cols_array(&[
                    1.000000, -0.000000, 0.000000, 0.000000, 0.000000, 0.921901, -0.387426,
                    0.000000, 0.000000, 0.387426, 0.921901, 0.000000, -0.000000, 0.078099,
                    0.387426, 1.000000,
                ]),
            ],
            &[
                Mat4::from_cols_array(&[
                    1.000000, -0.000000, -0.000000, 0.000000, 0.000000, 0.978164, -0.207829,
                    0.000000, 0.000000, 0.207832, 0.978166, 0.000000, -0.000000, 0.051169,
                    -0.123229, 1.000000,
                ]),
                Mat4::from_cols_array(&[
                    1.000000, -0.000000, -0.000000, 0.000000, 0.000000, 0.913754, 0.406268,
                    0.000000, 0.000000, -0.406268, 0.913754, 0.000000, -0.000000, 0.086831,
                    -0.463233, 1.000000,
                ]),
                Mat4::from_cols_array(&[
                    0.999938, -0.002228, 0.010915, 0.000000, 0.005020, 0.964791, -0.262968,
                    0.000000, -0.009945, 0.263007, 0.964743, 0.000000, -0.007107, 0.022094,
                    0.176600, 1.000000,
                ]),
                Mat4::from_cols_array(&[
                    -0.166644, -0.277290, 0.946224, 0.000000, 0.944120, 0.231894, 0.234230,
                    0.000000, -0.284373, 0.932382, 0.223151, 0.000000, -1.971120, 0.860395,
                    -0.188621, 1.000000,
                ]),
                Mat4::from_cols_array(&[
                    0.249940, -0.024272, 0.967957, 0.000000, -0.957170, -0.157071, 0.243216,
                    0.000000, 0.146135, -0.987289, -0.062491, 0.000000, 1.164546, 1.759762,
                    -0.167013, 1.000000,
                ]),
                Mat4::from_cols_array(&[
                    1.000000, -0.000000, 0.000000, 0.000000, 0.000000, 0.704504, -0.709699,
                    0.000000, -0.000000, 0.709702, 0.704504, 0.000000, -0.000000, 0.158011,
                    0.361821, 1.000000,
                ]),
                Mat4::from_cols_array(&[
                    1.000000, -0.000000, 0.000000, 0.000000, 0.000000, 0.999980, 0.006385,
                    0.000000, -0.000000, -0.006385, 0.999980, 0.000000, -0.000000, -0.005584,
                    -0.034649, 1.000000,
                ]),
                Mat4::from_cols_array(&[
                    -0.284227, -0.333076, -0.899041, 0.000000, 0.726656, 0.536885, -0.428633,
                    0.000000, 0.625449, -0.775122, 0.089435, 0.000000, -0.237298, 0.724014,
                    1.431508, 1.000000,
                ]),
                Mat4::from_cols_array(&[
                    0.687002, -0.567874, 0.453373, 0.000000, 0.726656, 0.536885, -0.428633,
                    0.000000, 0.000000, 0.623918, 0.781490, 0.000000, -0.976539, 0.825964,
                    0.305980, 1.000000,
                ]),
                Mat4::from_cols_array(&[
                    1.000000, -0.000000, 0.000000, 0.000000, 0.000000, 0.921901, -0.387426,
                    0.000000, 0.000000, 0.387426, 0.921901, 0.000000, -0.000000, 0.078099,
                    0.387426, 1.000000,
                ]),
            ],
        ],
    ),
    (
        "idle",
        &[
            &[
                Mat4::from_cols_array(&[
                    1.000000, -0.000000, -0.000000, 0.000000, 0.000000, 0.991512, -0.130006,
                    0.000000, 0.000000, 0.130008, 0.991514, 0.000000, -0.000000, 0.063850,
                    -0.197706, 1.000000,
                ]),
                Mat4::from_cols_array(&[
                    1.000000, -0.000000, -0.000000, 0.000000, 0.000000, 0.878851, 0.477095,
                    0.000000, 0.000000, -0.477095, 0.878852, 0.000000, -0.000000, 0.126226,
                    -0.533836, 1.000000,
                ]),
