// This file is generated by the glTF importer tool. Do not edit manually.

use glam::Mat4;

pub struct MeshData {
    pub vertices: &'static [f32],
    pub indices: &'static [u16],
}

pub static MESHES: &[MeshData] = &[
    MeshData {
        vertices: &[
            -0.354755, 0.002958, 0.143132, 0.543970, 0.293619, 0.000000, 0.000000, 1.000000,
            -0.354755, 0.002958, 0.143132, 0.885102, 0.909142, 0.000000, -1.000000, 0.000000,
            -0.354755, 0.002958, 0.143132, 0.536664, 0.827257, -1.000000, 0.000000, 0.000000,
            -0.354755, 0.547216, 0.143132, 0.543970, 0.466361, 0.000000, 0.000000, 1.000000,
            -0.354755, 0.547216, 0.143132, 0.214360, 0.021936, 0.000000, 1.000000, 0.000000,
            -0.354755, 0.547216, 0.143132, 0.536664, 1.000000, -1.000000, 0.000000, 0.000000,
            -0.354755, 0.002958, -0.143132, 0.584684, 0.428078, 0.000000, 0.000000, -1.000000,
            -0.354755, 0.002958, -0.143132, 0.975959, 0.909142, 0.000000, -1.000000, 0.000000,
            -0.354755, 0.002958, -0.143132, 0.627522, 0.827257, -1.000000, 0.000000, 0.000000,
            -0.354755, 0.547216, -0.143132, 0.584684, 0.600820, 0.000000, 0.000000, -1.000000,
            -0.354755, 0.547216, -0.143132, 0.305218, 0.021936, 0.000000, 1.000000, 0.000000,
            -0.354755, 0.547216, -0.143132, 0.627522, 1.000000, -1.000000, 0.000000, 0.000000,
            -0.068490, 0.002958, 0.143132, 0.453112, 0.293619, 0.000000, 0.000000, 1.000000,
            -0.068490, 0.002958, 0.143132, 0.885102, 0.818284, 0.000000, -1.000000, 0.000000,
            -0.068490, 0.002958, 0.143132, 0.702379, 0.631716, 1.000000, 0.000000, 0.000000,
            -0.068490, 0.547216, 0.143132, 0.453112, 0.466361, 0.000000, 0.000000, 1.000000,
            -0.068490, 0.547216, 0.143132, 0.214360, 0.112793, 0.000000, 1.000000, 0.000000,
            -0.068490, 0.547216, 0.143132, 0.702379, 0.804459, 1.000000, 0.000000, 0.000000,
            -0.068490, 0.002958, -0.143132, 0.675541, 0.428078, 0.000000, 0.000000, -1.000000,
            -0.068490, 0.002958, -0.143132, 0.975959, 0.818284, 0.000000, -1.000000, 0.000000,
            -0.068490, 0.002958, -0.143132, 0.611521, 0.631716, 1.000000, 0.000000, 0.000000,
            -0.068490, 0.547216, -0.143132, 0.675541, 0.600820, 0.000000, 0.000000, -1.000000,
            -0.068490, 0.547216, -0.143132, 0.305218, 0.112793, 0.000000, 1.000000, 0.000000,
            -0.068490, 0.547216, -0.143132, 0.611521, 0.804459, 1.000000, 0.000000, 0.000000,
        ],
        indices: &[
            2, 5, 11, 2, 11, 8, 6, 9, 21, 6, 21, 18, 20, 23, 17, 20, 17, 14, 12, 15, 3, 12, 3, 0,
            7, 19, 13, 7, 13, 1, 22, 10, 4, 22, 4, 16,
        ],
    },
    MeshData {
        vertices: &[
            -0.354755, 0.552489, 0.143132, 0.766399, 0.255335, 0.000000, 0.000000, 1.000000,
            -0.354755, 0.552489, 0.143132, 0.453112, 0.139337, 0.000000, -1.000000, 0.000000,
            -0.354755, 0.552489, 0.143132, 0.000000, 0.244232, -1.000000, 0.000000, 0.000000,
            -0.354755, 1.096747, 0.143132, 0.766399, 0.428078, 0.000000, 0.000000, 1.000000,
            -0.354755, 1.096747, 0.143132, 0.885102, 0.909142, 0.000000, 1.000000, 0.000000,
            -0.354755, 1.096747, 0.143132, 0.000000, 0.416974, -1.000000, 0.000000, 0.000000,
            -0.354755, 0.552489, -0.143132, 0.090858, 0.244232, 0.000000, 0.000000, -1.000000,
            -0.354755, 0.552489, -0.143132, 0.543970, 0.139337, 0.000000, -1.000000, 0.000000,
            -0.354755, 0.552489, -0.143132, 0.090858, 0.244232, -1.000000, 0.000000, 0.000000,
            -0.354755, 1.096747, -0.143132, 0.090858, 0.416974, 0.000000, 0.000000, -1.000000,
            -0.354755, 1.096747, -0.143132, 0.975959, 0.909142, 0.000000, 1.000000, 0.000000,
            -0.354755, 1.096747, -0.143132, 0.090858, 0.416974, -1.000000, 0.000000, 0.000000,
            -0.068490, 0.552489, 0.143132, 0.675541, 0.255335, 0.000000, 0.000000, 1.000000,
            -0.068490, 0.552489, 0.143132, 0.453112, 0.048480, 0.000000, -1.000000, 0.000000,
            -0.068490, 0.552489, 0.143132, 0.766399, 0.428078, 1.000000, 0.000000, 0.000000,
            -0.068490, 1.096747, 0.143132, 0.675541, 0.428078, 0.000000, 0.000000, 1.000000,
            -0.068490, 1.096747, 0.143132, 0.885102, 1.000000, 0.000000, 1.000000, 0.000000,
            -0.068490, 1.096747, 0.143132, 0.766399, 0.600820, 1.000000, 0.000000, 0.000000,
            -0.068490, 0.552489, -0.143132, 0.181716, 0.244232, 0.000000, 0.000000, -1.000000,
            -0.068490, 0.552489, -0.143132, 0.543970, 0.048480, 0.000000, -1.000000, 0.000000,
            -0.068490, 0.552489, -0.143132, 0.675541, 0.428078, 1.000000, 0.000000, 0.000000,
            -0.068490, 1.096747, -0.143132, 0.181716, 0.416974, 0.000000, 0.000000, -1.000000,
            -0.068490, 1.096747, -0.143132, 0.975960, 1.000000, 0.000000, 1.000000, 0.000000,
            -0.068490, 1.096747, -0.143132, 0.675541, 0.600820, 1.000000, 0.000000, 0.000000,
        ],
        indices: &[
            2, 5, 11, 2, 11, 8, 6, 9, 21, 6, 21, 18, 20, 23, 17, 20, 17, 14, 12, 15, 3, 12, 3, 0,
            7, 19, 13, 7, 13, 1, 22, 10, 4, 22, 4, 16,
        ],
    },
    MeshData {
        vertices: &[
            -0.207271, 1.715766, 0.207271, 0.345932, 0.469249, 0.000000, 0.000000, 1.000000,
            -0.207271, 1.715766, 0.207271, 0.215924, 0.632175, -0.975788, -0.165498, 0.142998,
            -0.207271, 1.715766, 0.207271, 0.215924, 0.632175, -1.000000, 0.000000, 0.000000,
            -0.207271, 2.130307, 0.207271, 0.345932, 0.600820, 0.000000, 0.000000, 1.000000,
            -0.207271, 2.130307, 0.207271, -0.000000, 0.416974, 0.000000, 1.000000, 0.000000,
            -0.207271, 2.130307, 0.207271, 0.215134, 0.763288, -1.000000, 0.000000, 0.000000,
            -0.207271, 1.715766, -0.207271, 0.611522, 0.631716, 0.000000, 0.000000, -1.000000,
            -0.207271, 1.715766, -0.207271, 0.453112, 0.600820, 0.000000, -0.957363, -0.288889,
            -0.207271, 1.715766, -0.207271, 0.347155, 0.632175, -0.975788, -0.165498, 0.142998,
            -0.207271, 1.715766, -0.207271, 0.347155, 0.632175, -1.000000, 0.000000, 0.000000,
            -0.207271, 2.130307, -0.207271, 0.479950, 0.631716, 0.000000, 0.000000, -1.000000,
            -0.207271, 2.130307, -0.207271, 0.131572, 0.416974, 0.000000, 1.000000, 0.000000,
            -0.207271, 2.130307, -0.207271, 0.346365, 0.763288, -1.000000, 0.000000, 0.000000,
            0.207271, 1.715766, 0.207271, 0.214360, 0.469249, 0.000000, 0.000000, 1.000000,
            0.207271, 1.715766, 0.207271, 0.478386, 0.632175, 0.975788, -0.165498, 0.142998,
            0.207271, 1.715766, 0.207271, 0.478386, 0.632175, 1.000000, 0.000000, 0.000000,
            0.207271, 2.130307, 0.207271, 0.214360, 0.600820, 0.000000, 0.000000, 1.000000,
            0.207271, 2.130307, 0.207271, 0.000000, 0.548546, 0.000000, 1.000000, 0.000000,
            0.207271, 2.130307, 0.207271, 0.479176, 0.763288, 1.000000, 0.000000, 0.000000,
            0.207271, 1.715766, -0.207271, 0.611522, 0.763288, 0.000000, 0.000000, -1.000000,
            0.207271, 1.715766, -0.207271, 0.584683, 0.600820, 0.000000, -0.957363, -0.288889,
            0.207271, 1.715766, -0.207271, 0.347155, 0.632175, 0.975788, -0.165498, 0.142998,
            0.207271, 1.715766, -0.207271, 0.347155, 0.632175, 1.000000, 0.000000, 0.000000,
            0.207271, 2.130307, -0.207271, 0.479950, 0.763288, 0.000000, 0.000000, -1.000000,
            0.207271, 2.130307, -0.207271, 0.131572, 0.548546, 0.000000, 1.000000, 0.000000,
            0.207271, 2.130307, -0.207271, 0.347945, 0.763288, 1.000000, 0.000000, 0.000000,
            -0.207271, 1.623037, 0.100000, 0.453112, 0.500043, 0.000000, -0.957363, -0.288889,
            -0.207271, 1.623037, 0.100000, 0.453112, 0.500043, 0.000000, -1.000000, 0.000000,
            -0.207271, 1.623037, 0.100000, 0.250060, 0.602847, -0.975788, -0.165498, 0.142998,
            -0.130774, 1.623037, 0.207271, 0.321652, 0.439817, 0.000000, 0.000000, 1.000000,
            -0.130774, 1.623037, 0.207271, 0.477391, 0.466361, 0.000000, -1.000000, 0.000000,
            -0.130774, 1.623037, 0.207271, 0.214360, 0.600820, -0.975788, -0.165498, 0.142998,
            0.207271, 1.623037, 0.100000, 0.584683, 0.500043, 0.000000, -0.957363, -0.288889,
            0.207271, 1.623037, 0.100000, 0.584683, 0.500043, 0.000000, -1.000000, 0.000000,
            0.207271, 1.623037, 0.100000, 0.444250, 0.602847, 0.975788, -0.165498, 0.142998,
            0.130774, 1.623037, 0.207271, 0.238640, 0.439817, 0.000000, 0.000000, 1.000000,
            0.130774, 1.623037, 0.207271, 0.560404, 0.466361, 0.000000, -1.000000, 0.000000,
            0.130774, 1.623037, 0.207271, 0.479950, 0.600820, 0.975788, -0.165498, 0.142998,
        ],
        indices: &[
            2, 5, 12, 2, 12, 9, 6, 10, 23, 6, 23, 19, 22, 25, 18, 22, 18, 15, 13, 16, 3, 13, 3, 0,
            21, 14, 34, 14, 37, 34, 24, 11, 4, 24, 4, 17, 27, 33, 36, 27, 36, 30, 13, 0, 29, 13,
            29, 35, 7, 20, 32, 7, 32, 26, 1, 8, 28, 1, 28, 31,
        ],
    },
    MeshData {
        vertices: &[
            -1.265015, 1.373846, 0.166571, 0.071372, 0.244232, 0.000000, 0.000000, 1.000000,
            -1.265015, 1.373846, 0.166571, 0.857257, 0.600820, 0.000000, -1.000000, 0.000000,
            -1.265015, 1.373846, 0.166571, 0.928628, 0.529449, -1.000000, 0.000000, 0.000000,
            -1.265015, 1.598716, 0.166571, -0.000000, 0.244232, 0.000000, 0.000000, 1.000000,
            -1.265015, 1.598716, 0.166571, 0.857257, 0.310531, 0.000000, 1.000000, 0.000000,
            -1.265015, 1.598716, 0.166571, 0.928628, 0.600820, -1.000000, 0.000000, 0.000000,
            -1.265015, 1.373846, -0.058299, 0.883647, 0.110190, 0.000000, 0.000000, -1.000000,
            -1.265015, 1.373846, -0.058299, 0.928628, 0.600820, 0.000000, -1.000000, 0.000000,
            -1.265015, 1.373846, -0.058299, 1.000000, 0.529449, -1.000000, 0.000000, 0.000000,
            -1.265015, 1.598716, -0.058299, 0.812276, 0.110190, 0.000000, 0.000000, -1.000000,
            -1.265015, 1.598716, -0.058299, 0.928628, 0.310531, 0.000000, 1.000000, 0.000000,
            -1.265015, 1.598716, -0.058299, 1.000000, 0.600820, -1.000000, 0.000000, 0.000000,
            -0.807709, 1.373846, 0.166571, 0.071372, 0.099087, 0.000000, 0.000000, 1.000000,
            -0.807709, 1.373846, 0.166571, 0.857257, 0.455675, 0.000000, -1.000000, 0.000000,
            -0.807709, 1.373846, 0.166571, 1.000000, 0.458077, 1.000000, 0.000000, 0.000000,
            -0.807709, 1.598716, 0.166571, -0.000000, 0.099087, 0.000000, 0.000000, 1.000000,
            -0.807709, 1.598716, 0.166571, 0.857257, 0.455675, 0.000000, 1.000000, 0.000000,
            -0.807709, 1.598716, 0.166571, 1.000000, 0.529449, 1.000000, 0.000000, 0.000000,
            -0.807709, 1.373846, -0.058299, 0.883647, 0.255335, 0.000000, 0.000000, -1.000000,
            -0.807709, 1.373846, -0.058299, 0.928628, 0.455675, 0.000000, -1.000000, 0.000000,
            -0.807709, 1.373846, -0.058299, 0.928628, 0.458077, 1.000000, 0.000000, 0.000000,
            -0.807709, 1.598716, -0.058299, 0.812276, 0.255335, 0.000000, 0.000000, -1.000000,
            -0.807709, 1.598716, -0.058299, 0.928628, 0.455675, 0.000000, 1.000000, 0.000000,
            -0.807709, 1.598716, -0.058299, 0.928628, 0.529449, 1.000000, 0.000000, 0.000000,
        ],
        indices: &[
            2, 5, 11, 2, 11, 8, 6, 9, 21, 6, 21, 18, 20, 23, 17, 20, 17, 14, 12, 15, 3, 12, 3, 0,
            7, 19, 13, 7, 13, 1, 22, 10, 4, 22, 4, 16,
        ],
    },
    MeshData {
        vertices: &[
            -0.809511, 1.366769, 0.173648, 0.528976, 0.293619, 0.000000, 0.000000, 1.000000,
            -0.809511, 1.366769, 0.173648, 0.660548, 0.255335, 0.000000, -1.000000, 0.000000,
            -0.809511, 1.366769, 0.173648, 0.207436, 0.472682, -1.000000, 0.000000, 0.000000,
            -0.809511, 1.605793, 0.173648, 0.453112, 0.293619, 0.000000, 0.000000, 1.000000,
            -0.809511, 1.605793, 0.173648, 0.345932, 0.105013, 0.000000, 1.000000, 0.000000,
            -0.809511, 1.605793, 0.173648, 0.131572, 0.472682, -1.000000, 0.000000, 0.000000,
            -0.809511, 1.366769, -0.065376, 0.885102, 0.845719, 0.000000, 0.000000, -1.000000,
            -0.809511, 1.366769, -0.065376, 0.736412, 0.255335, 0.000000, -1.000000, 0.000000,
            -0.809511, 1.366769, -0.065376, 0.207436, 0.548546, -1.000000, 0.000000, 0.000000,
            -0.809511, 1.605793, -0.065376, 0.809238, 0.845719, 0.000000, 0.000000, -1.000000,
            -0.809511, 1.605793, -0.065376, 0.421796, 0.105013, 0.000000, 1.000000, 0.000000,
            -0.809511, 1.605793, -0.065376, 0.131572, 0.548546, -1.000000, 0.000000, 0.000000,
            -0.323419, 1.366769, 0.173648, 0.528976, 0.139338, 0.000000, 0.000000, 1.000000,
            -0.323419, 1.366769, 0.173648, 0.660547, 0.101054, 0.000000, -1.000000, 0.000000,
            -0.323419, 1.366769, 0.173648, 0.075864, 0.099087, 1.000000, 0.000000, 0.000000,
            -0.323419, 1.605793, 0.173648, 0.453112, 0.139338, 0.000000, 0.000000, 1.000000,
            -0.323419, 1.605793, 0.173648, 0.345932, 0.259294, 0.000000, 1.000000, 0.000000,
            -0.323419, 1.605793, 0.173648, 0.000000, 0.099087, 1.000000, 0.000000, 0.000000,
            -0.323419, 1.366769, -0.065376, 0.885102, 1.000000, 0.000000, 0.000000, -1.000000,
            -0.323419, 1.366769, -0.065376, 0.736412, 0.101054, 0.000000, -1.000000, 0.000000,
            -0.323419, 1.366769, -0.065376, 0.075864, 0.023223, 1.000000, 0.000000, 0.000000,
            -0.323419, 1.605793, -0.065376, 0.809238, 1.000000, 0.000000, 0.000000, -1.000000,
            -0.323419, 1.605793, -0.065376, 0.421796, 0.259294, 0.000000, 1.000000, 0.000000,
            -0.323419, 1.605793, -0.065376, 0.000000, 0.023223, 1.000000, 0.000000, 0.000000,
        ],
        indices: &[
            2, 5, 11, 2, 11, 8, 6, 9, 21, 6, 21, 18, 20, 23, 17, 20, 17, 14, 12, 15, 3, 12, 3, 0,
            7, 19, 13, 7, 13, 1, 22, 10, 4, 22, 4, 16,
        ],
    },
    MeshData {
        vertices: &[
            0.354755, 0.002958, 0.143132, 0.214360, 0.267074, 0.000000, 0.000000, 1.000000,
            0.354755, 0.002958, 0.143132, 0.584683, 0.010196, 0.000000, -1.000000, 0.000000,
            0.354755, 0.002958, 0.143132, 0.718380, 0.827257, 1.000000, 0.000000, 0.000000,
            0.354755, 0.002958, -0.143132, 0.675541, 0.255335, 0.000000, 0.000000, -1.000000,
            0.354755, 0.002958, -0.143132, 0.675541, 0.010196, 0.000000, -1.000000, 0.000000,
            0.354755, 0.002958, -0.143132, 0.627522, 0.827257, 1.000000, 0.000000, 0.000000,
            0.354755, 0.547216, 0.143132, 0.214360, 0.439817, 0.000000, 0.000000, 1.000000,
            0.354755, 0.547216, 0.143132, 0.675541, 0.101054, 0.000000, 1.000000, 0.000000,
            0.354755, 0.547216, 0.143132, 0.718380, 1.000000, 1.000000, 0.000000, 0.000000,
            0.068490, 0.002958, 0.143132, 0.305218, 0.267074, 0.000000, 0.000000, 1.000000,
            0.068490, 0.002958, 0.143132, 0.584683, 0.101054, 0.000000, -1.000000, 0.000000,
            0.068490, 0.002958, 0.143132, 0.345932, 0.259294, -1.000000, 0.000000, 0.000000,
            0.068490, 0.002958, -0.143132, 0.584683, 0.255335, 0.000000, 0.000000, -1.000000,
            0.068490, 0.002958, -0.143132, 0.675541, 0.101054, 0.000000, -1.000000, 0.000000,
            0.068490, 0.002958, -0.143132, 0.436790, 0.259294, -1.000000, 0.000000, 0.000000,
            0.068490, 0.547216, 0.143132, 0.305218, 0.439817, 0.000000, 0.000000, 1.000000,
            0.068490, 0.547216, 0.143132, 0.675541, 0.010196, 0.000000, 1.000000, 0.000000,
            0.068490, 0.547216, 0.143132, 0.345932, 0.432036, -1.000000, 0.000000, 0.000000,
            0.068490, 0.547216, -0.143132, 0.584683, 0.428078, 0.000000, 0.000000, -1.000000,
            0.068490, 0.547216, -0.143132, 0.766399, 0.010196, 0.000000, 1.000000, 0.000000,
            0.068490, 0.547216, -0.143132, 0.436790, 0.432036, -1.000000, 0.000000, 0.000000,
            0.354755, 0.547216, -0.143132, 0.675541, 0.428078, 0.000000, 0.000000, -1.000000,
            0.354755, 0.547216, -0.143132, 0.766399, 0.101054, 0.000000, 1.000000, 0.000000,
            0.354755, 0.547216, -0.143132, 0.627522, 1.000000, 1.000000, 0.000000, 0.000000,
        ],
        indices: &[
            4, 1, 10, 4, 10, 13, 2, 5, 23, 2, 23, 8, 9, 0, 6, 9, 6, 15, 14, 11, 17, 14, 17, 20, 19,
            16, 7, 19, 7, 22, 3, 12, 18, 3, 18, 21,
        ],
    },
    MeshData {
        vertices: &[
            0.354755, 0.552489, 0.143132, 0.718380, 0.827257, 0.000000, 0.000000, 1.000000,
            0.354755, 0.552489, 0.143132, 0.812276, 0.019332, 0.000000, -1.000000, 0.000000,
            0.354755, 0.552489, 0.143132, 0.793237, 0.631716, 1.000000, 0.000000, 0.000000,
            0.354755, 0.552489, -0.143132, 0.857257, 0.255335, 0.000000, 0.000000, -1.000000,
            0.354755, 0.552489, -0.143132, 0.903133, 0.019332, 0.000000, -1.000000, 0.000000,
            0.354755, 0.552489, -0.143132, 0.702379, 0.631716, 1.000000, 0.000000, 0.000000,
            0.354755, 1.096747, 0.143132, 0.718380, 1.000000, 0.000000, 0.000000, 1.000000,
            0.354755, 1.096747, 0.143132, 0.345932, 0.105013, 0.000000, 1.000000, 0.000000,
            0.354755, 1.096747, 0.143132, 0.793237, 0.804459, 1.000000, 0.000000, 0.000000,
            0.068490, 0.552489, 0.143132, 0.809238, 0.827257, 0.000000, 0.000000, 1.000000,
            0.068490, 0.552489, 0.143132, 0.812276, 0.110190, 0.000000, -1.000000, 0.000000,
            0.068490, 0.552489, 0.143132, 0.766399, 0.428078, -1.000000, 0.000000, 0.000000,
            0.068490, 0.552489, -0.143132, 0.766399, 0.255335, 0.000000, 0.000000, -1.000000,
            0.068490, 0.552489, -0.143132, 0.903133, 0.110190, 0.000000, -1.000000, 0.000000,
            0.068490, 0.552489, -0.143132, 0.857257, 0.428078, -1.000000, 0.000000, 0.000000,
            0.068490, 1.096747, 0.143132, 0.809238, 1.000000, 0.000000, 0.000000, 1.000000,
            0.068490, 1.096747, 0.143132, 0.345932, 0.014155, 0.000000, 1.000000, 0.000000,
            0.068490, 1.096747, 0.143132, 0.766399, 0.600820, -1.000000, 0.000000, 0.000000,
            0.068490, 1.096747, -0.143132, 0.766399, 0.428078, 0.000000, 0.000000, -1.000000,
            0.068490, 1.096747, -0.143132, 0.436790, 0.014155, 0.000000, 1.000000, 0.000000,
            0.068490, 1.096747, -0.143132, 0.857257, 0.600820, -1.000000, 0.000000, 0.000000,
            0.354755, 1.096747, -0.143132, 0.857257, 0.428078, 0.000000, 0.000000, -1.000000,
            0.354755, 1.096747, -0.143132, 0.436790, 0.105013, 0.000000, 1.000000, 0.000000,
            0.354755, 1.096747, -0.143132, 0.702379, 0.804459, 1.000000, 0.000000, 0.000000,
        ],
        indices: &[
            4, 1, 10, 4, 10, 13, 2, 5, 23, 2, 23, 8, 9, 0, 6, 9, 6, 15, 14, 11, 17, 14, 17, 20, 19,
            16, 7, 19, 7, 22, 3, 12, 18, 3, 18, 21,
        ],
    },
    MeshData {
        vertices: &[
            1.265015, 1.373846, 0.166571, 0.142743, 0.099087, 0.000000, 0.000000, 1.000000,
            1.265015, 1.373846, 0.166571, 0.869101, 0.659314, 0.000000, -1.000000, 0.000000,
            1.265015, 1.373846, 0.166571, 1.000000, 0.384304, 1.000000, 0.000000, 0.000000,
            1.265015, 1.373846, -0.058299, 0.214115, 0.244232, 0.000000, 0.000000, -1.000000,
            1.265015, 1.373846, -0.058299, 0.940473, 0.659314, 0.000000, -1.000000, 0.000000,
            1.265015, 1.373846, -0.058299, 0.928628, 0.384304, 1.000000, 0.000000, 0.000000,
            1.265015, 1.598716, 0.166571, 0.071372, 0.099087, 0.000000, 0.000000, 1.000000,
            1.265015, 1.598716, 0.166571, 0.883647, 0.255335, 0.000000, 1.000000, 0.000000,
            1.265015, 1.598716, 0.166571, 1.000000, 0.455675, 1.000000, 0.000000, 0.000000,
            0.807709, 1.373846, 0.166571, 0.142743, 0.244231, 0.000000, 0.000000, 1.000000,
            0.807709, 1.373846, 0.166571, 0.869101, 0.804459, 0.000000, -1.000000, 0.000000,
            0.807709, 1.373846, 0.166571, 0.928628, 0.312932, -1.000000, 0.000000, 0.000000,
            0.807709, 1.373846, -0.058299, 0.214115, 0.099087, 0.000000, 0.000000, -1.000000,
            0.807709, 1.373846, -0.058299, 0.940473, 0.804459, 0.000000, -1.000000, 0.000000,
            0.807709, 1.373846, -0.058299, 1.000000, 0.312932, -1.000000, 0.000000, 0.000000,
            0.807709, 1.598716, 0.166571, 0.071372, 0.244231, 0.000000, 0.000000, 1.000000,
            0.807709, 1.598716, 0.166571, 0.883647, 0.110190, 0.000000, 1.000000, 0.000000,
            0.807709, 1.598716, 0.166571, 0.928628, 0.384304, -1.000000, 0.000000, 0.000000,
            0.807709, 1.598716, -0.058299, 0.142743, 0.099087, 0.000000, 0.000000, -1.000000,
            0.807709, 1.598716, -0.058299, 0.955019, 0.110190, 0.000000, 1.000000, 0.000000,
            0.807709, 1.598716, -0.058299, 1.000000, 0.384304, -1.000000, 0.000000, 0.000000,
            1.265015, 1.598716, -0.058299, 0.142743, 0.244232, 0.000000, 0.000000, -1.000000,
            1.265015, 1.598716, -0.058299, 0.955019, 0.255335, 0.000000, 1.000000, 0.000000,
            1.265015, 1.598716, -0.058299, 0.928628, 0.455675, 1.000000, 0.000000, 0.000000,
        ],
        indices: &[
            4, 1, 10, 4, 10, 13, 2, 5, 23, 2, 23, 8, 9, 0, 6, 9, 6, 15, 14, 11, 17, 14, 17, 20, 19,
            16, 7, 19, 7, 22, 3, 12, 18, 3, 18, 21,
        ],
    },
    MeshData {
        vertices: &[
            0.809511, 1.366769, 0.173648, 0.290224, 0.112793, 0.000000, 0.000000, 1.000000,
            0.809511, 1.366769, 0.173648, 0.584683, 0.101054, 0.000000, -1.000000, 0.000000,
            0.809511, 1.366769, 0.173648, 0.151728, 0.099087, 1.000000, 0.000000, 0.000000,
            0.809511, 1.366769, -0.065376, 0.869101, 0.804459, 0.000000, 0.000000, -1.000000,
            0.809511, 1.366769, -0.065376, 0.660548, 0.101054, 0.000000, -1.000000, 0.000000,
            0.809511, 1.366769, -0.065376, 0.151728, 0.023223, 1.000000, 0.000000, 0.000000,
            0.809511, 1.605793, 0.173648, 0.214360, 0.112793, 0.000000, 0.000000, 1.000000,
            0.809511, 1.605793, 0.173648, 0.736412, 0.255335, 0.000000, 1.000000, 0.000000,
            0.809511, 1.605793, 0.173648, 0.075864, 0.099087, 1.000000, 0.000000, 0.000000,
            0.323419, 1.366769, 0.173648, 0.290224, 0.267074, 0.000000, 0.000000, 1.000000,
            0.323419, 1.366769, 0.173648, 0.584684, 0.255335, 0.000000, -1.000000, 0.000000,
            0.323419, 1.366769, 0.173648, 0.978997, 0.034326, -1.000000, 0.000000, 0.000000,
            0.323419, 1.366769, -0.065376, 0.869101, 0.650178, 0.000000, 0.000000, -1.000000,
            0.323419, 1.366769, -0.065376, 0.660548, 0.255335, 0.000000, -1.000000, 0.000000,
            0.323419, 1.366769, -0.065376, 0.978997, 0.110190, -1.000000, 0.000000, 0.000000,
            0.323419, 1.605793, 0.173648, 0.214360, 0.267074, 0.000000, 0.000000, 1.000000,
            0.323419, 1.605793, 0.173648, 0.736412, 0.101054, 0.000000, 1.000000, 0.000000,
            0.323419, 1.605793, 0.173648, 0.903133, 0.034326, -1.000000, 0.000000, 0.000000,
            0.323419, 1.605793, -0.065376, 0.793237, 0.650178, 0.000000, 0.000000, -1.000000,
            0.323419, 1.605793, -0.065376, 0.812276, 0.101054, 0.000000, 1.000000, 0.000000,
            0.323419, 1.605793, -0.065376, 0.903133, 0.110190, -1.000000, 0.000000, 0.000000,
            0.809511, 1.605793, -0.065376, 0.793237, 0.804459, 0.000000, 0.000000, -1.000000,
            0.809511, 1.605793, -0.065376, 0.812276, 0.255335, 0.000000, 1.000000, 0.000000,
            0.809511, 1.605793, -0.065376, 0.075864, 0.023223, 1.000000, 0.000000, 0.000000,
        ],
        indices: &[
            4, 1, 10, 4, 10, 13, 2, 5, 23, 2, 23, 8, 9, 0, 6, 9, 6, 15, 14, 11, 17, 14, 17, 20, 19,
            16, 7, 19, 7, 22, 3, 12, 18, 3, 18, 21,
        ],
    },
    MeshData {
        vertices: &[
            -0.338293, 1.091251, 0.199312, 0.429484, 0.831216, 0.000000, 0.000000, 1.000000,
            -0.338293, 1.091251, 0.199312, 0.107180, 0.763288, -0.671398, -0.741097, 0.000000,
            -0.338293, 1.091251, 0.199312, 0.429484, 0.831216, -1.000000, 0.000000, 0.000000,
            -0.338293, 1.623037, 0.199312, 0.429484, 1.000000, 0.000000, 0.000000, 1.000000,
            -0.338293, 1.623037, 0.199312, -0.000000, 0.548546, 0.000000, 1.000000, 0.000000,
            -0.338293, 1.623037, 0.199312, 0.429484, 1.000000, -1.000000, 0.000000, 0.000000,
            -0.338293, 1.091251, -0.138379, 0.000000, 0.831216, 0.000000, 0.000000, -1.000000,
            -0.338293, 1.091251, -0.138379, 0.214360, 0.763288, -0.671398, -0.741097, 0.000000,
            -0.338293, 1.091251, -0.138379, 0.536664, 0.831216, -1.000000, 0.000000, 0.000000,
            -0.338293, 1.623037, -0.138379, 0.000000, 1.000000, 0.000000, 0.000000, -1.000000,
            -0.338293, 1.623037, -0.138379, 0.107180, 0.548546, 0.000000, 1.000000, 0.000000,
            -0.338293, 1.623037, -0.138379, 0.536664, 1.000000, -1.000000, 0.000000, 0.000000,
            0.338293, 1.091251, 0.199312, 0.214742, 0.831216, 0.000000, 0.000000, 1.000000,
            0.338293, 1.091251, 0.199312, 0.107180, 0.548546, 0.671398, -0.741097, 0.000000,
            0.338293, 1.091251, 0.199312, 0.453112, 0.432036, 1.000000, 0.000000, 0.000000,
            0.338293, 1.623037, 0.199312, 0.214742, 1.000000, 0.000000, 0.000000, 1.000000,
            0.338293, 1.623037, 0.199312, 0.000000, 0.763288, 0.000000, 1.000000, 0.000000,
            0.338293, 1.623037, 0.199312, 0.453112, 0.600820, 1.000000, 0.000000, 0.000000,
            0.338293, 1.091251, -0.138379, 0.214742, 0.831216, 0.000000, 0.000000, -1.000000,
            0.338293, 1.091251, -0.138379, 0.214360, 0.548546, 0.671398, -0.741097, 0.000000,
            0.338293, 1.091251, -0.138379, 0.345932, 0.432036, 1.000000, 0.000000, 0.000000,
            0.338293, 1.623037, -0.138379, 0.214742, 1.000000, 0.000000, 0.000000, -1.000000,
            0.338293, 1.623037, -0.138379, 0.107180, 0.763288, 0.000000, 1.000000, 0.000000,
            0.338293, 1.623037, -0.138379, 0.345932, 0.600820, 1.000000, 0.000000, 0.000000,
            -0.102080, 0.877231, -0.138379, 0.074972, 0.763288, 0.000000, 0.000000, -1.000000,
            -0.102080, 0.877231, -0.138379, 0.214360, 0.688316, 0.000000, -1.000000, 0.000000,
            -0.102080, 0.877231, -0.138379, 0.214360, 0.688316, -0.671398, -0.741097, 0.000000,
            -0.102080, 0.877231, 0.199312, 0.354513, 0.763288, 0.000000, 0.000000, 1.000000,
            -0.102080, 0.877231, 0.199312, 0.107180, 0.688316, 0.000000, -1.000000, 0.000000,
            -0.102080, 0.877231, 0.199312, 0.107180, 0.688316, -0.671398, -0.741097, 0.000000,
            0.102080, 0.877231, -0.138379, 0.139770, 0.763288, 0.000000, 0.000000, -1.000000,
            0.102080, 0.877231, -0.138379, 0.214360, 0.623518, 0.000000, -1.000000, 0.000000,
            0.102080, 0.877231, -0.138379, 0.214360, 0.623518, 0.671398, -0.741097, 0.000000,
            0.102080, 0.877231, 0.199312, 0.289714, 0.763288, 0.000000, 0.000000, 1.000000,
            0.102080, 0.877231, 0.199312, 0.107180, 0.623518, 0.000000, -1.000000, 0.000000,
            0.102080, 0.877231, 0.199312, 0.107180, 0.623518, 0.671398, -0.741097, 0.000000,
        ],
        indices: &[
            2, 5, 11, 2, 11, 8, 6, 9, 21, 6, 21, 18, 20, 23, 17, 20, 17, 14, 12, 15, 3, 12, 3, 0,
            6, 18, 30, 6, 30, 24, 22, 10, 4, 22, 4, 16, 25, 31, 34, 25, 34, 28, 1, 7, 26, 1, 26,
            29, 19, 13, 35, 19, 35, 32, 12, 0, 27, 12, 27, 33,
        ],
    },
];

pub static ANIMATIONS: &[(&str, &[&[Mat4]])] = &[
    (
        "5a",
        &[
            &[
                Mat4::from_cols_array(&[
                    1.000000, -0.000000, -0.000000, 0.000000, -0.000000, -0.965026, 0.262153,
                    0.000000, -0.000000, -0.262154, -0.965024, 0.000000, 0.222149, -0.879361,
                    -0.351020, 1.000000,
                ]),
                Mat4::from_cols_array(&[
                    -1.000000, -0.000000, 0.000000, 0.000000, -0.000000, 0.963100, -0.269139,
                    0.000000, -0.000000, -0.269140, -0.963097, 0.000000, 0.444299, -0.456341,
                    -0.204435, 1.000000,
                ]),
                Mat4::from_cols_array(&[
                    0.999938, -0.000617, -0.011123, 0.000000, -0.007370, -0.785382, -0.618966,
                    0.000000, -0.008354, 0.619010, -0.785336, 0.000000, 0.222149, -1.015444,
                    -0.402626, 1.000000,
                ]),
                Mat4::from_cols_array(&[
                    -0.820893, -0.471201, -0.322651, 0.000000, 0.403637, -0.079048, -0.911496,
                    0.000000, 0.403994, -0.878476, 0.255083, 0.000000, 0.222149, -0.831427,
                    -0.332842, 1.000000,
                ]),
                Mat4::from_cols_array(&[
                    -0.849385, 0.350050, -0.394980, 0.000000, 0.423104, 0.898990, -0.113135,
                    0.000000, 0.315481, -0.263214, -0.911695, 0.000000, 0.556063, -0.844124,
                    -0.366957, 1.000000,
                ]),
                Mat4::from_cols_array(&[
                    1.000000, 0.000000, -0.000000, 0.000000, 0.000000, -0.907716, 0.419584,
                    0.000000, -0.000000, -0.419585, -0.907714, 0.000000, 0.222149, -0.879361,
                    -0.351020, 1.000000,
                ]),
                Mat4::from_cols_array(&[
                    -1.000000, 0.000000, 0.000000, 0.000000, 0.000000, 0.990288, 0.139030,
                    0.000000, -0.000000, 0.139029, -0.990284, 0.000000, -0.000000, -0.456341,
                    -0.204435, 1.000000,
                ]),
                Mat4::from_cols_array(&[
                    1.000000, -0.000000, -0.000000, 0.000000, -0.000000, 0.709653, -0.704549,
                    0.000000, 0.000000, 0.704551, 0.709652, 0.000000, 0.222149, -0.831427,
                    -0.332842, 1.000000,
                ]),
                Mat4::from_cols_array(&[
                    -0.726656, -0.587934, -0.355392, 0.000000, -0.687001, 0.621871, 0.375906,
                    0.000000, 0.000000, 0.517310, -0.855796, 0.000000, -0.111765, -0.844124,
                    -0.366957, 1.000000,
                ]),
                Mat4::from_cols_array(&[
                    1.000000, 0.000000, -0.000001, 0.000000, -0.000000, -0.877538, -0.479506,
                    0.000000, -0.000001, 0.479506, -0.877536, 0.000000, 0.222149, -1.329943,
                    -0.521892, 1.000000,
                ]),
            ],
            &[
                Mat4::from_cols_array(&[
                    1.000000, -0.000000, -0.000000, 0.000000, -0.000000, -0.965026, 0.262153,
                    0.000000, -0.000000, -0.262154, -0.965024, 0.000000, 0.222149, -1.397468,
                    -0.351021, 1.000000,
                ]),
                Mat4::from_cols_array(&[
                    -1.000000, 0.000000, 0.000000, 0.000000, 0.000000, 0.963100, -0.269139,
                    0.000000, -0.000000, -0.269139, -0.963097, 0.000000, 0.444298, -0.974447,
                    -0.204436, 1.000000,
                ]),
                Mat4::from_cols_array(&[
                    0.999938, -0.000618, -0.011123, 0.000000, -0.007370, -0.785382, -0.618966,
                    0.000000, -0.008353, 0.619010, -0.785336, 0.000000, 0.222149, -1.533551,
                    -0.402627, 1.000000,
                ]),
                Mat4::from_cols_array(&[
                    -0.820893, -0.471201, -0.322651, 0.000000, 0.403637, -0.079047, -0.911496,
                    0.000000, 0.403994, -0.878476, 0.255082, 0.000000, 0.222149, -1.349534,
                    -0.332843, 1.000000,
                ]),
                Mat4::from_cols_array(&[
                    -0.849385, 0.179926, -0.496156, 0.000000, 0.423104, 0.794089, -0.436354,
                    0.000000, 0.315481, -0.580559, -0.750614, 0.000000, 0.556063, -1.362231,
                    -0.366958, 1.000000,
                ]),
                Mat4::from_cols_array(&[
                    1.000000, -0.000000, -0.000000, 0.000000, 0.000000, -0.907716, 0.419583,
                    0.000000, -0.000000, -0.419585, -0.907714, 0.000000, 0.222149, -1.397468,
                    -0.351021, 1.000000,
                ]),
                Mat4::from_cols_array(&[
                    -1.000000, 0.000000, 0.000000, 0.000000, 0.000000, 0.990288, 0.139031,
                    0.000000, -0.000000, 0.139030, -0.990284, 0.000000, -0.000000, -0.974447,
                    -0.204436, 1.000000,
                ]),
                Mat4::from_cols_array(&[
                    1.000000, -0.000000, -0.000000, 0.000000, -0.000000, 0.709653, -0.704549,
                    0.000000, 0.000000, 0.704551, 0.709653, 0.000000, 0.222149, -1.349534,
                    -0.332843, 1.000000,
                ]),
                Mat4::from_cols_array(&[
                    -0.726656, -0.468881, -0.502116, 0.000000, -0.687001, 0.495946, 0.531099,
                    0.000000, 0.000000, 0.730882, -0.682502, 0.000000, -0.111765, -1.362231,
                    -0.366958, 1.000000,
                ]),
                Mat4::from_cols_array(&[
                    1.000000, -0.000000, -0.000001, 0.000000, -0.000000, -0.877538, -0.479506,
                    0.000000, -0.000001, 0.479506, -0.877536, 0.000000, 0.222149, -1.848049,
                    -0.521892, 1.000000,
                ]),
            ],
            &[
                Mat4::from_cols_array(&[
                    -1.000000, 0.000000, 0.000000, 0.000000, 0.000000, 0.634674, 0.772780,
                    0.000000, 0.000000, 0.772780, -0.634674, 0.000000, 0.000000, 2.071079,
                    0.553905, 1.000000,
                ]),
                Mat4::from_cols_array(&[
                    1.000000, 0.000000, -0.000000, 0.000000, -0.000000, -0.629057, -0.777358,
                    0.000000, -0.000000, 0.777357, -0.629056, 0.000000, -0.222149, 1.641363,
                    0.428295, 1.000000,
                ]),
                Mat4::from_cols_array(&[
                    -0.999938, 0.006947, -0.008708, 0.000000, 0.007370, 0.998748, -0.049471,
                    0.000000, 0.008353, -0.049532, -0.998738, 0.000000, 0.000000, 2.211894,
                    0.590685, 1.000000,
                ]),
                Mat4::from_cols_array(&[
                    0.883139, 0.415542, 0.217695, 0.000000, -0.433198, 0.900475, 0.038533,
                    0.000000, -0.180017, -0.128335, 0.975256, 0.000000, 0.000000, 2.021478,
                    0.540950, 1.000000,
                ]),
                Mat4::from_cols_array(&[
                    0.957170, 0.220123, -0.188072, 0.000000, -0.249940, 0.300355, -0.920498,
                    0.000000, -0.146135, 0.928080, 0.342508, 0.000000, -0.333914, 2.051592,
                    0.520500, 1.000000,
                ]),
                Mat4::from_cols_array(&[
                    -1.000000, -0.000000, 0.000000, 0.000000, 0.000000, 0.496752, 0.867893,
                    0.000000, -0.000000, 0.867893, -0.496752, 0.000000, 0.000000, 2.071079,
                    0.553905, 1.000000,
                ]),
                Mat4::from_cols_array(&[
                    1.000000, -0.000000, -0.000000, 0.000000, -0.000000, -0.887699, -0.460425,
                    0.000000, -0.000000, 0.460424, -0.887697, 0.000000, 0.222149, 1.641363,
                    0.428295, 1.000000,
                ]),
                Mat4::from_cols_array(&[
                    -1.000000, 0.000000, 0.000000, 0.000000, -0.000000, -0.170217, -0.985407,
                    0.000000, -0.000000, -0.985407, 0.170217, 0.000000, -0.000000, 2.021478,
                    0.540950, 1.000000,
                ]),
                Mat4::from_cols_array(&[
                    0.726656, 0.673080, -0.137602, 0.000000, 0.687002, -0.711931, 0.145544,
                    0.000000, -0.000001, -0.200293, -0.979736, 0.000000, 0.333914, 2.051592,
                    0.520499, 1.000000,
                ]),
                Mat4::from_cols_array(&[
                    -1.000000, 0.000000, -0.000000, 0.000000, 0.000000, 0.999244, 0.038874,
                    0.000000, 0.000000, 0.038874, -0.999244, 0.000000, 0.000000, 2.537330,
                    0.675687, 1.000000,
                ]),
            ],
            &[
                Mat4::from_cols_array(&[
                    0.000000, 0.983622, 0.180244, 0.000000, 0.901969, -0.077830, 0.424728,
                    0.000000, 0.431800, 0.162575, -0.887197, 0.000000, 1.843535, 0.974485,
                    -0.064460, 1.000000,
                ]),
                Mat4::from_cols_array(&[
                    0.000000, -0.983622, -0.180244, 0.000000, -0.898817, 0.079006, -0.431146,
                    0.000000, 0.438324, 0.162006, -0.884094, 0.000000, 1.401022, 1.180750,
                    0.042406, 1.000000,
                ]),
                Mat4::from_cols_array(&[
                    0.002612, 0.985513, 0.169581, 0.000000, 0.884084, 0.076973, -0.460945,
                    0.000000, -0.467320, 0.151128, -0.871075, 0.000000, 1.986691, 0.979213,
                    -0.090263, 1.000000,
                ]),
                Mat4::from_cols_array(&[
                    0.468619, -0.872550, -0.138032, 0.000000, 0.832257, 0.488460, -0.262211,
                    0.000000, 0.296215, 0.007999, 0.955088, 0.000000, 1.793110, 0.972819,
                    -0.055371, 1.000000,
                ]),
                Mat4::from_cols_array(&[
                    0.165573, -0.898684, -0.406144, 0.000000, 0.058484, 0.420051, -0.905614,
                    0.000000, 0.984462, 0.126192, 0.122108, 0.000000, 1.811748, 1.306900,
                    -0.025941, 1.000000,
                ]),
                Mat4::from_cols_array(&[
                    -0.000000, 0.983622, 0.180244, 0.000000, 0.817222, -0.103879, 0.566884,
                    0.000000, 0.576323, 0.147300, -0.803837, 0.000000, 1.843535, 0.974484,
                    -0.064460, 1.000000,
                ]),
                Mat4::from_cols_array(&[
                    -0.000000, -0.983622, -0.180244, 0.000000, -0.999129, 0.007524, -0.041057,
                    0.000000, 0.041740, 0.180087, -0.982763, 0.000000, 1.401022, 0.743728,
                    -0.037677, 1.000000,
                ]),
                Mat4::from_cols_array(&[
                    0.000000, 0.983622, 0.180244, 0.000000, -0.571040, 0.147967, -0.807477,
                    0.000000, -0.820922, -0.102927, 0.561687, 0.000000, 1.793110, 0.972819,
                    -0.055371, 1.000000,
                ]),
                Mat4::from_cols_array(&[
                    0.551705, -0.640966, -0.533651, 0.000000, -0.583551, -0.753797, 0.302090,
                    0.000000, -0.595894, 0.144748, -0.789910, 0.000000, 1.811748, 0.650010,
                    -0.146313, 1.000000,
                ]),
                Mat4::from_cols_array(&[
                    0.000000, 0.983622, 0.180244, 0.000000, 0.921901, 0.069831, -0.381081,
                    0.000000, -0.387426, 0.166167, -0.906802, 0.000000, 2.317536, 0.990140,
                    -0.149896, 1.000000,
                ]),
            ],
        ],
    ),
    (
        "idle",
        &[
            &[
                Mat4::from_cols_array(&[
                    1.000000, -0.000000, -0.000000, 0.000000, -0.000000, -0.965026, 0.262153,
                    0.000000, -0.000000, -0.262154, -0.965024, 0.000000, 0.222149, -0.879361,
                    -0.351020, 1.000000,
                ]),
                Mat4::from_cols_array(&[
                    -1.000000, -0.000000, 0.000000, 0.000000, -0.000000, 0.963100, -0.269139,
                    0.000000, -0.000000, -0.269140, -0.963097, 0.000000, 0.444299, -0.456341,
